29.90
15.10
35.70
19.10
19.40
21.60
40.70
30.00
14.20
17.10
19.70
32.40
20.20
41.00
18.00
38.30
20.40
12.30
22.80
13.20
38.00
12.70
26.40
10.10
14.00
18.30
42.90
18.90
38.40
13.30
25.60
38.10
43.00
32.50
39.30
34.90
17.40
20.40
19.80
32.00
18.10
16.40
19.30
41.50
27.20
32.60
24.10
23.50
28.60
32.60
33.10
22.80
10.80
22.10
34.20
15.40
32.50
30.10
34.70
28.60
11.60
42.50
18.80
42.30
35.10
29.50
38.10
26.90
13.90
15.70
36.20
25.30
37.30
24.60
11.30
29.60
44.50
28.80
21.40
40.80
25.80
15.30
31.20
22.70
43.30
43.20
35.20
43.70
32.10
15.80
36.70
21.80
20.80
34.60
22.30
12.90
37.60
19.00
35.80
20.00
31.50
15.50
28.40
16.20
44.70
28.20
12.90
20.70
39.30
43.30
21.10
38.60
15.80
14.40
33.40
30.10
30.20
10.80
42.30
16.90
12.90
41.40
14.40
42.40
31.40
14.80
10.70
17.60
22.20
35.70
23.40
24.10
37.40
22.50
33.80
44.30
21.50
25.20
28.70
10.20
44.00
27.40
25.20
20.50
17.60
21.80
38.00
38.50
31.20
36.30
25.20
37.10
41.90
16.80
29.10
36.80
37.60
40.00
28.50
32.20
19.30
31.30
30.60
29.30
35.50
38.10
25.40
20.80
30.20
25.60
35.60
19.30
35.80
10.80
43.20
14.10
45.00
31.60
35.30
27.10
16.90
31.30
13.90
26.40
20.70
11.50
35.60
14.40
28.60
22.20
36.60
43.80
12.90
29.20
24.50
14.10
20.00
33.40
38.60
23.20
22.40
36.80
17.00
28.00
36.60
13.90
33.70
12.90
22.10
22.50
27.00
38.80
31.80
21.50
17.70
23.50
11.70
33.00
21.50
39.80
18.60
17.30
29.40
10.90
26.20
25.40
11.90
42.40
19.70
35.30
35.00
28.70
27.00
33.90
12.30
24.00
24.90
36.70
12.30
31.00
24.50
16.30
17.40
34.30
23.80
12.00
35.90
38.70
42.90
24.80
32.80
37.20
44.20
32.90
43.70
33.80
15.50
13.40
38.50
10.00
14.20
22.10
25.10
10.90
27.30
22.40
30.90
42.40
29.90
41.90
17.90
22.40
19.00
11.30
44.50
38.40
40.00
20.20
41.20
20.90
17.40
16.40
11.00
34.70
44.90
36.00
23.20
11.90
43.80
38.20
16.80
13.30
17.20
20.80
16.60
26.00
43.80
44.30
36.10
10.30
10.80
10.00
36.90
28.00
12.50
35.20
10.00
39.50
20.50
21.30
27.50
34.20
12.10
12.30
31.50
27.70
17.70
16.20
38.20
36.40
34.20
44.70
32.80
34.00
17.40
40.60
38.70
11.20
19.80
35.30
11.90
17.70
19.60
19.50
10.10
41.60
37.80
22.80
35.80
11.60
43.50
37.60
19.10
39.50
35.00
23.90
27.80
16.20
26.20
41.60
27.50
31.80
29.30
29.20
33.10
16.30
23.80
21.60
11.70
23.80
26.30
16.30
14.10
42.60
34.40
26.00
31.60
26.90
18.40
28.80
24.20
44.40
38.20
23.30
40.10
19.70
16.10
21.80
23.60
36.30
44.60
34.90
43.90
30.50
40.70
22.80
18.60
21.80
20.20
44.90
37.90
44.30
18.50
10.20
21.00
25.90
24.80
10.30
13.00
20.20
29.40
20.70
11.60
14.20
11.10
26.50
33.70
38.90
24.00
12.70
43.90
10.30
38.70
20.40
31.70
39.10
18.00
25.40
25.80
31.60
12.10
29.50
40.40
30.20
38.00
32.80
42.50
27.80
17.00
25.90
10.00
31.00
42.30
27.30
19.90
42.90
39.40
31.00
44.90
30.50
27.50
21.90
10.00
37.10
12.10
18.90
43.70
31.90
14.60
38.50
23.90
23.70
33.60
25.80
17.40
38.40
43.40
11.30
10.60
37.60
32.10
29.80
31.70
29.80
19.60
21.80
38.80
28.30
40.10
26.50
41.70
40.30
38.00
40.20
39.60
36.90
36.20
29.00
33.60
15.30
27.50
42.90
29.60
17.00
24.50
43.40
45.00
37.50
16.40
36.40
10.10
38.70
12.50
13.90
33.70
40.00
23.10
14.00
21.40
16.60
18.40
28.20
16.90
40.60
26.00
12.40
31.50
15.90
23.30
35.00
33.90
41.00
18.60
34.20
30.00
17.10
44.90
20.60
31.40
23.30
22.60
25.80
33.40
32.40
40.60
21.80
19.80
32.40
22.60
17.30
13.90
18.60
36.70
25.50
22.50
32.70
10.30
24.50
19.10
31.30
37.00
10.00
27.30
23.80
43.90
22.00
24.20
34.30
39.30
11.50
18.30
43.40
38.60
18.80
31.10
16.20
27.30
43.00
39.70
24.50
30.70
11.30
40.30
32.90
29.40
14.00
29.00
28.90
24.90
44.90
38.60
38.80
10.10
33.50
17.00
44.40
14.50
41.10
20.00
21.40
26.40
20.00
40.60
25.90
11.20
24.30
12.60
15.10
24.10
41.70
28.70
32.90
30.90
15.40
40.80
43.80
27.60
39.10
44.10
44.60
44.90
10.10
22.90
20.40
44.10
11.30
27.90
44.90
29.40
43.30
17.90
28.90
37.20
33.60
39.80
27.50
25.90
27.90
31.90
41.50
22.10
18.20
15.50
36.10
16.10
19.90
38.10
18.80
42.20
16.20
10.90
15.80
35.50
27.80
32.20
30.80
17.70
19.20
10.10
30.40
17.30
31.40
39.70
35.80
14.60
38.80
15.40
13.80
12.70
17.20
23.50
15.80
41.80
15.90
28.70
44.40
21.80
12.70
39.90
22.30
14.10
21.80
35.90
42.50
44.50
22.60
14.70
14.30
13.40
17.60
32.80
36.50
38.90
14.10
12.00
21.10
44.70
38.40
27.60
25.20
20.10
31.20
34.40
10.90
44.10
44.90
36.10
24.40
42.90
27.30
10.40
10.00
23.20
33.40
25.90
20.30
41.30
36.10
37.60
26.50
10.30
44.00
10.60
15.50
28.80
31.80
22.80
14.90
24.60
17.00
45.00
43.10
24.40
28.60
23.40
10.90
27.20
13.60
29.80
26.60
43.60
43.80
36.80
30.70
28.90
32.60
44.80
32.50
22.20
25.70
15.40
22.90
14.40
28.40
20.50
33.40
41.30
32.50
34.30
32.40
29.00
20.30
14.90
20.50
35.30
15.20
14.20
23.20
28.80
19.10
33.50
41.50
36.90
20.90
15.20
44.90
31.90
41.80
39.60
20.10
28.00
11.90
37.40
17.70
21.70
31.90
28.10
14.70
29.20
32.50
20.00
10.60
25.20
29.60
24.80
18.50
24.70
44.30
43.10
31.90
17.00
22.60
30.50
23.70
42.70
19.40
37.70
28.20
39.70
12.10
44.70
25.90
29.50
32.10
37.00
36.20
38.70
43.90
19.20
42.90
15.70
34.80
37.10
38.70
15.30
16.10
15.50
16.00
23.10
11.60
11.20
36.60
39.90
17.20
21.40
23.70
39.00
18.20
27.80
36.20
43.80
34.10
36.50
44.50
17.40
22.30
38.40
17.90
42.20
41.30
24.20
26.30
20.50
33.70
26.60
38.00
44.00
41.00
36.90
40.00
34.00
37.30
37.20
23.10
12.00
17.00
32.00
15.10
40.80
18.10
40.40
42.90
43.10
11.30
25.30
20.30
23.40
23.60
44.00
31.80
17.10
43.70
26.90
12.40
44.40
34.90
41.60
26.80
21.00
44.40
28.60
31.40
13.20
40.70
14.80
42.80
44.10
23.70
39.80
21.10
38.10
17.20
22.80
37.80
25.30
16.30
43.80
28.50
44.00
17.00
18.60
18.60
28.10
22.80
24.20
36.60
13.90
31.80
22.70
19.80
32.70
26.70
24.00
41.20
34.10
28.30
28.10
42.10
43.40
26.70
25.30
20.70
27.20
28.70
33.70
32.40
14.80
19.70
36.70
14.60
13.80
34.50
25.90
28.50
25.90
29.80
41.30
26.40
41.60
21.30
27.00
40.70
39.10
35.70
26.30
28.80
13.40
14.60
28.20
23.30
27.80
34.60
36.50
36.10
38.10
10.70
42.30
32.60
43.10
16.70
43.10
10.10
16.00
17.80
42.90
37.00
17.60
38.90
39.60
14.50
33.10
20.30
14.60
44.30
34.40
13.40
33.30
38.40
18.80
44.70
24.80
11.60
14.40
12.10
30.10
38.00
16.80
35.30
22.90
22.80
36.20
40.00
25.90
22.00
35.20
17.20
10.90
24.70
23.50
11.10
21.20
43.80
26.40
39.80
41.60
42.70
26.00
16.60
40.70
40.10
35.00
12.30
19.40
22.20
42.10
30.40
44.50
23.70
10.50
14.30
21.70
42.50
28.30
23.00
28.80
23.40
40.90
21.10
15.70
12.90
21.10
39.00
22.20
34.00
35.40
26.50
14.40
24.30
23.00
13.70
39.40
40.60
17.50
31.30
39.00
39.90
19.30
35.60
37.90
31.00
15.40
36.60
35.10
22.70
37.50
33.20
20.70
17.90
44.10
37.90
30.50
30.40
11.70
29.80
43.10
42.60
14.60
43.60
23.00
43.90
14.00
42.80
40.10
21.60
34.10
21.30
16.40
14.80
16.00
13.90
10.20
29.30
27.90
39.60
41.30
37.00
16.20
32.60
26.40
30.70
38.00
23.90
18.00
36.50
18.20
19.40
27.00
21.00
10.20
30.40
31.30
41.70
21.50
35.10
42.30
39.90
31.90
18.80
38.40
28.60
23.10
31.90
44.10
24.70
26.10
16.30
14.70
43.20
34.60
17.90
23.70
38.50
19.40
26.10
11.50
44.90
26.60
19.20
40.80
36.80
30.40
15.50
13.60
25.90
19.30
42.70
20.90
28.50
12.90
19.80
32.90
20.20
37.70
39.30
28.00
24.90
17.10
35.80
20.20
36.90
28.70
26.80
38.70
20.40
18.00
15.80
33.70
10.80
30.70
35.90
21.80
36.00
15.50
33.90
42.20
16.20
17.70
17.60
18.40
28.80
13.30
44.60
16.90
16.80
11.40
24.80
35.20
29.40
37.20
17.20
14.70
11.30
18.70
36.00
39.10
44.20
16.80
26.90
15.00
24.90
31.20
11.80
18.10
39.40
40.70
40.40
14.90
44.40
16.70
42.50
28.70
35.90
23.30
16.40
33.30
38.80
23.30
10.20
41.90
22.50
15.30
21.60
12.30
27.50
21.30
25.60
11.80
22.10
10.00
39.20
41.90
14.30
18.10
26.20
19.00
34.30
36.50
14.90
27.60
10.20
15.70
28.30
39.90
43.60
33.80
33.60
41.60
33.60
27.30
18.60
25.30
21.30
41.50
41.30
44.80
34.30
37.20
10.60
35.30
44.60
33.20
14.30
14.70
31.80
38.50
36.40
16.40
23.20
23.70
42.40
12.40
20.10
28.20
24.40
17.90
11.30
15.70
27.70
25.80
19.20
42.10
43.20
21.30
34.00
42.70
24.10
20.10
36.50
21.10
28.40
40.70
25.20
14.90
33.70
28.00
24.70
31.80
14.10
21.00
10.80
42.30
20.50
22.50
22.50
13.00
37.80
36.10
25.90
27.60
14.00
43.10
14.80
35.70
44.50
38.60
17.80
24.50
29.70
27.10
37.00
21.10
27.80
26.90
26.80
29.10
21.40
43.10
20.00
36.90
28.00
24.90
38.00
16.10
35.50
42.60
36.90
36.80
36.30
41.90
26.10
40.60
27.50
30.30
35.00
19.00
20.20
44.80
19.20
44.80
17.50
29.90
23.50
35.90
26.60
17.70
20.30
33.90
24.60
17.00
20.70
44.30
37.80
14.00
28.70
33.40
42.30
39.00
21.30
12.90
11.30
27.00
12.80
16.10
41.60
35.70
23.80
21.30
44.90
18.60
35.90
26.30
18.40
15.20
39.80
41.60
17.10
13.20
31.60
44.30
39.50
28.50
18.50
32.60
17.60
13.30
10.80
17.60
42.00
18.40
43.60
26.70
19.80
40.10
18.80
28.00
44.10
26.60
34.50
28.80
14.10
13.40
44.50
24.90
18.70
35.70
36.00
33.10
30.80
18.60
18.40
44.50
42.50
26.10
26.30
13.60
26.40
41.20
21.40
17.00
22.10
17.50
25.00
25.60
11.40
20.60
15.30
20.10
11.00
28.40
28.00
19.50
39.70
36.10
25.60
43.40
12.50
15.00
28.00
38.30
29.00
37.70
40.60
13.90
25.50
10.00
33.00
17.70
33.90
19.60
11.90
39.50
15.90
12.80
20.00
29.10
35.90
28.80
28.60
25.50
12.40
28.80
14.00
30.20
14.40
28.20
41.20
17.00
17.10
39.80
40.10
23.20
21.40
28.40
31.90
28.80
16.50
17.20
19.30
34.70
32.80
35.10
11.30
28.70
22.30
28.70
18.80
26.40
16.30
35.50
21.80
10.60
40.50
44.00
32.70
14.00
36.90
22.00
18.00
21.20
14.00
13.50
15.20
19.10
14.30
13.20
41.10
22.40
39.30
18.00
17.30
35.80
14.00
37.50
10.30
17.90
27.80
16.40
13.50
17.20
44.00
22.10
43.40
37.60
37.10
44.60
31.00
13.50
40.50
10.00
16.30
10.90
42.60
32.20
23.60
17.70
14.30
41.20
44.40
33.60
30.00
34.70
27.40
42.80
38.90
35.00
41.20
12.40
11.60
21.50
31.50
38.00
44.50
38.20
19.70
13.60
10.10
20.30
34.00
12.80
43.10
29.60
18.70
28.40
32.60
25.10
28.80
30.50
36.40
14.10
16.30
12.90
40.70
34.10
28.20
11.20
32.30
15.30
43.40
42.70
20.70
14.80
18.60
23.90
20.30
24.40
37.40
24.20
33.60
12.10
42.60
15.70
21.10
30.30
14.20
17.60
41.60
41.80
43.10
36.00
27.30
26.10
17.90
12.50
43.40
37.20
43.40
34.20
38.10
32.70
10.60
28.80
30.00
40.60
35.50
25.00
40.70
23.30
34.90
20.00
39.00
38.70
33.20
28.50
32.00
43.20
20.70
36.60
41.70
32.80
43.80
42.50
42.70
20.10
37.90
39.80
26.90
41.60
36.10
16.30
21.70
36.70
38.00
19.20
37.00
36.30
16.90
16.80
31.20
16.10
38.50
42.20
43.90
17.70
17.90
12.70
30.70
34.30
14.40
34.80
25.30
19.00
31.90
13.30
32.90
37.80
34.80
39.50
21.70
39.10
30.40
30.80
43.20
14.80
33.40
41.70
21.40
36.80
42.80
39.80
14.60
10.50
16.90
18.40
31.00
18.80
30.80
43.80
38.50
28.70
23.90
12.00
10.30
40.90
23.80
34.40
15.50
37.20
12.50
20.50
13.60
23.30
23.90
43.30
32.30
16.30
28.50
20.60
20.80
29.10
16.00
26.90
26.00
17.90
38.20
10.80
17.10
27.50
22.80
22.70
15.00
37.70
33.30
25.10
21.10
23.80
35.50
14.40
44.50
21.60
34.10
28.20
13.80
42.00
13.40
27.50
42.20
27.20
21.80
22.40
36.70
36.30
34.80
35.40
22.60
11.30
17.10
42.00
29.40
41.20
20.90
32.00
41.50
23.60
21.40
23.00
19.00
25.30
14.50
19.70
22.70
16.30
28.60
16.00
45.00
27.40
31.10
37.80
22.10
10.20
10.70
28.20
31.90
39.60
26.80
26.90
12.20
18.00
15.00
36.60
21.20
16.70
34.40
18.50
27.70
35.30
19.50
14.30
16.20
15.20
12.50
24.20
34.70
23.50
31.70
43.70
40.10
25.20
11.10
33.60
13.80
32.70
22.40
43.80
30.70
16.30
29.20
37.50
13.40
41.90
38.40
34.90
28.20
41.60
21.70
22.40
29.50
30.20
27.90
25.60
25.90
29.30
26.00
22.80
31.50
14.80
41.60
11.90
42.70
27.20
21.10
33.10
17.50
35.50
41.40
28.50
42.90
39.10
32.70
31.80
29.80
13.50
42.00
36.30
30.10
42.70
30.80
25.30
42.20
37.00
37.60
28.20
21.70
11.70
29.70
12.00
28.80
45.00
18.00
19.70
37.50
43.30
36.60
23.60
22.10
23.90
33.60
14.50
43.50
21.30
20.80
19.50
27.80
39.00
18.80
15.00
39.80
43.30
23.30
11.50
18.30
16.80
31.50
31.60
17.10
12.00
32.40
40.50
10.00
44.60
32.50
26.60
17.30
15.80
19.00
26.50
26.60
15.00
38.80
10.60
16.20
40.10
19.10
10.30
30.00
41.10
44.00
37.50
26.60
34.80
33.20
22.50
25.00
23.60
18.10
36.00
30.80
11.70
36.10
21.30
20.50
14.50
31.20
13.30
27.20
14.90
16.30
35.60
21.80
25.10
27.10
40.00
12.50
20.10
20.80
43.60
27.00
44.10
38.70
10.30
17.20
11.70
27.20
19.70
40.30
25.50
13.50
15.80
20.70
39.50
30.10
35.40
40.50
40.40
20.30
32.40
18.40
40.80
21.20
16.50
19.50
29.70
15.50
38.70
27.30
29.40
44.30
14.50
16.40
24.90
12.30
11.80
12.30
35.10
30.60
32.50
15.20
28.40
26.40
39.90
22.90
41.00
17.60
26.70
44.80
27.90
22.10
21.10
20.80
11.50
37.20
39.30
35.40
36.60
38.50
21.30
33.20
19.40
17.90
24.20
29.70
11.20
32.60
17.90
44.40
39.10
18.20
12.90
11.00
13.80
34.30
10.40
25.20
45.00
29.90
32.20
29.80
17.40
32.70
14.80
42.60
26.40
35.00
23.10
33.60
23.90
11.60
25.50
33.00
40.00
39.90
38.70
17.50
44.30
32.30
20.40
20.70
27.30
26.20
14.50
20.70
12.10
16.70
22.40
11.20
34.90
28.90
33.40
21.20
16.00
43.50
43.70
19.10
25.90
35.60
32.80
19.80
30.60
29.70
34.90
31.40
13.00
40.20
27.10
29.40
27.90
35.80
16.70
36.70
44.30
11.90
30.60
35.60
33.20
19.50
21.00
23.50
29.40
22.60
35.30
18.50
30.30
28.90
28.30
16.10
18.50
10.70
12.30
26.10
44.50
21.10
32.80
25.30
26.50
21.30
16.30
15.40
27.50
18.90
43.10
37.60
35.10
37.90
39.90
16.90
26.90
18.20
20.70
36.60
24.10
23.80
23.00
18.10
24.10
21.00
27.50
30.90
40.20
16.30
44.80
12.10
14.80
10.90
38.60
35.40
13.00
10.50
30.70
30.70
23.40
26.70
38.40
15.00
13.40
37.80
28.00
32.80
37.80
39.80
31.50
22.30
42.80
29.30
36.30
19.90
18.90
19.90
11.30
11.90
38.90
12.10
40.10
27.10
17.40
32.60
36.00
36.10
10.90
28.50
34.10
34.50
31.40
14.40
12.90
38.60
22.40
36.10
19.50
39.00
13.10
23.40
42.60
28.40
38.00
24.30
21.80
27.10
15.10
39.30
19.70
39.00
16.60
35.30
26.10
30.10
44.40
39.40
43.30
19.80
35.00
14.40
31.50
17.50
40.20
33.00
19.50
18.80
41.70
44.50
39.00
21.10
39.00
34.00
33.00
30.20
37.40
33.20
39.00
10.70
28.70
28.00
35.30
26.20
13.40
41.20
27.60
16.90
40.60
29.30
28.20
44.70
37.10
28.30
26.30
41.60
15.90
21.30
10.80
28.10
13.10
43.80
21.10
29.30
11.30
18.00
14.00
40.60
33.20
42.90
15.40
31.60
16.70
27.30
32.20
22.90
41.50
20.10
26.00
42.40
39.40
36.40
28.90
31.60
19.20
24.40
41.30
20.10
23.70
40.80
37.70
31.10
15.60
14.50
38.20
37.20
25.10
23.40
21.70
15.30
21.10
36.20
16.20
40.10
35.60
29.90
32.80
39.90
11.90
42.10
41.10
11.00
40.50
10.10
41.90
36.20
39.40
35.70
40.20
16.90
27.50
10.30
14.10
43.90
41.00
23.10
23.20
12.80
21.10
35.40
35.30
19.00
25.80
26.00
24.20
22.00
34.00
35.50
41.90
35.90
29.70
38.70
28.10
16.90
23.10
37.20
26.40
18.50
38.90
15.20
27.00
24.90
30.90
40.40
12.90
27.80
28.60
43.10
19.30
40.30
31.40
44.20
26.20
38.90
43.60
12.60
42.70
19.20
10.10
14.70
25.40
31.60
42.40
35.20
17.10
17.00
30.20
23.00
43.50
22.30
17.10
42.00
37.20
21.50
38.80
21.80
39.40
13.90
21.00
26.50
23.60
38.90
33.80
24.00
32.70
22.60
36.40
24.50
35.10
38.00
29.10
36.00
24.50
31.80
37.10
32.10
23.30
26.40
29.40
17.70
28.10
23.50
28.80
41.80
16.60
42.40
22.60
13.00
32.70
37.20
28.10
24.10
26.70
24.10
42.00
13.40
29.60
31.10
43.00
31.90
40.50
23.00
25.60
39.00
14.40
38.80
20.30
14.00
25.40
39.70
18.60
17.40
23.00
44.20
37.30
25.50
11.50
43.80
37.10
20.50
37.00
19.40
15.20
27.00
42.90
28.10
41.40
38.10
41.80
28.20
13.20
35.90
27.40
39.10
12.30
21.20
23.00
17.20
41.70
34.50
30.50
15.60
34.80
39.90
31.30
15.50
38.60
14.80
40.50
33.60
28.90
30.70
16.00
43.10
17.90
41.20
11.10
27.40
37.90
25.40
28.70
39.00
34.70
41.30
34.10
18.10
21.80
30.60
33.40
39.80
27.80
15.80
39.10
26.70
38.80
18.70
16.90
16.10
31.00
43.10
26.50
33.80
24.00
40.60
35.50
32.70
14.40
23.20
26.30
35.00
16.00
33.10
28.10
24.00
40.30
38.90
12.10
37.20
26.10
40.40
17.00
24.70
42.00
35.60
18.30
40.90
33.40
37.80
11.30
40.30
36.00
27.10
19.50
14.00
27.40
42.70
14.50
23.80
28.40
37.90
36.40
29.20
27.30
23.20
30.50
11.20
24.00
15.30
27.10
33.90
42.80
32.70
40.20
41.90
27.20
12.20
10.30
25.50
21.20
25.90
36.70
34.20
18.50
20.30
30.90
13.60
33.60
16.70
31.20
22.80
22.90
38.90
34.90
37.40
34.90
29.40
26.50
28.70
33.60
28.10
14.80
44.40
10.30
27.70
22.30
12.30
20.90
42.40
37.80
14.10
28.50
44.00
15.60
23.00
26.80
37.10
43.20
10.80
17.60
19.00
37.10
25.90
30.50
11.20
12.90
33.70
20.30
16.10
37.00
28.80
14.70
38.90
43.40
35.00
31.20
35.60
22.70
37.30
40.00
24.60
25.20
27.40
15.80
16.10
15.20
44.80
32.20
17.10
14.90
26.60
22.10
36.10
25.40
19.90
37.20
29.50
44.90
21.40
28.60
15.30
18.00
33.30
28.20
29.80
15.60
43.60
39.50
14.80
34.70
37.60
39.90
17.40
26.40
18.40
25.50
20.60
16.90
13.80
14.40
12.90
31.70
12.30
10.00
31.90
11.40
18.80
11.60
34.00
34.20
32.60
18.30
44.30
37.00
33.60
14.00
25.00
24.80
43.00
21.50
29.90
14.60
27.60
16.90
33.50
14.00
39.20
41.40
33.30
38.70
14.20
44.40
14.20
32.90
31.90
38.20
21.10
14.90
12.30
30.30
44.00
33.20
25.50
27.80
40.00
22.10
29.60
37.50
21.60
19.50
44.40
33.60
42.70
32.00
11.70
19.20
23.20
11.30
24.40
19.00
18.90
17.60
27.00
43.10
27.70
19.90
26.60
22.70
10.40
20.00
37.70
17.30
40.20
12.30
36.50
35.10
13.70
38.50
37.70
25.20
34.10
18.80
24.90
10.20
19.30
18.40
38.30
16.40
24.30
38.00
22.30
15.00
22.70
34.80
32.40
37.10
42.30
25.80
24.20
24.30
43.00
38.90
24.60
17.80
31.00
20.00
41.30
31.60
18.10
28.60
32.40
32.50
20.90
17.80
37.00
41.40
30.90
27.30
35.60
13.30
14.50
10.70
38.30
43.00
22.50
29.00
11.80
15.30
18.90
33.80
30.70
27.00
37.70
33.30
37.10
15.10
18.40
16.30
36.60
34.30
23.50
36.00
15.20
32.10
11.80
21.10
40.00
26.90
36.90
38.50
35.70
39.90
23.60
25.20
44.20
25.10
34.50
19.50
39.00
23.30
43.60
31.30
36.30
41.20
38.10
39.60
25.80
19.90
10.10
20.60
14.90
35.60
27.40
20.70
27.30
10.30
21.30
21.40
36.90
29.10
22.60
43.40
42.80
16.80
41.30
34.60
38.00
37.00
37.50
21.10
39.10
19.20
27.40
29.40
15.70
18.10
16.40
33.70
37.10
17.30
35.70
30.80
40.60
44.90
32.20
25.10
23.00
13.60
23.80
37.90
11.10
25.80
31.00
23.80
26.40
19.50
38.30
11.30
15.50
22.70
24.90
41.30
25.30
43.50
44.00
28.10
23.90
23.40
30.80
18.80
31.80
17.80
40.10
20.70
15.00
41.80
22.10
20.70
23.80
41.10
28.90
18.20
44.60
23.90
33.50
34.20
21.10
40.00
23.70
15.90
23.60
38.80
24.20
38.80
34.20
17.10
11.60
44.40
17.50
12.40
16.90
21.00
16.00
13.80
22.30
10.20
28.10
29.90
32.20
44.30
34.50
21.70
16.70
39.80
13.10
16.10
12.90
25.40
37.70
10.00
20.00
37.70
29.20
11.50
10.40
14.90
11.80
35.00
16.60
25.80
37.00
24.70
44.90
17.90
28.80
40.50
30.10
21.30
18.80
19.20
38.40
26.50
36.50
31.20
41.30
33.10
39.40
44.30
26.10
10.70
37.30
11.50
24.40
33.10
24.40
13.10
33.30
40.20
38.30
14.10
15.50
40.50
45.00
41.30
17.00
22.70
24.10
26.30
13.20
30.60
13.30
31.60
39.80
19.60
36.10
11.50
41.40
43.60
17.30
17.60
33.00
16.90
20.80
34.90
16.30
32.50
21.30
32.70
27.60
35.10
45.00
25.30
26.60
30.00
44.20
24.20
12.00
13.70
29.20
29.70
36.40
33.70
11.90
13.70
28.60
43.90
37.60
33.10
24.20
19.90
34.00
21.50
38.30
10.60
39.70
21.90
21.10
13.20
25.90
38.00
28.40
36.20
24.70
19.70
34.40
28.70
18.30
20.10
10.30
37.60
32.50
25.10
29.50
33.70
34.10
22.20
22.10
31.70
42.90
15.00
18.40
23.10
20.90
13.90
28.50
31.90
30.50
16.30
41.30
35.90
23.10
27.60
37.60
24.10
15.20
17.10
36.00
31.10
22.30
29.00
37.00
15.50
42.60
16.90
16.20
16.40
41.60
13.70
19.10
38.20
38.30
19.70
22.10
17.50
30.10
31.90
29.80
33.70
28.30
15.00
19.70
11.60
33.90
24.40
20.40
23.70
13.30
41.90
42.90
13.40
37.00
33.80
40.70
18.30
13.60
35.10
16.90
22.20
16.00
12.80
12.80
17.70
31.80
25.90
40.50
24.10
12.20
29.90
17.10
27.90
19.60
30.70
40.90
28.50
21.30
18.30
20.80
28.00
35.60
10.40
30.30
12.00
29.90
12.30
18.20
16.00
37.80
20.30
42.10
40.30
29.40
35.80
42.30
23.90
33.00
14.00
10.20
21.70
25.30
30.90
42.70
38.90
28.20
25.50
30.60
39.30
30.10
16.40
12.10
32.70
25.80
17.80
12.80
17.20
31.60
24.10
21.60
44.40
32.20
24.40
17.20
33.30
39.00
39.70
24.40
19.80
15.60
44.10
38.50
26.50
17.30
44.00
12.50
38.80
11.80
36.90
38.10
25.20
44.10
37.50
23.50
36.20
16.00
33.60
33.60
22.60
34.40
39.00
19.50
29.20
44.10
36.50
23.80
28.40
30.40
10.20
38.60
11.70
19.90
13.40
16.50
36.00
39.50
28.40
33.70
19.80
12.00
38.10
36.20
37.20
42.20
37.00
31.50
33.50
17.50
24.40
18.10
18.10
20.90
14.60
38.30
16.50
33.20
15.20
29.30
12.50
26.80
43.30
35.50
15.70
25.10
18.90
23.90
13.50
27.90
13.50
30.20
26.60
20.80
28.80
19.80
23.30
43.60
36.10
35.10
29.80
19.40
27.30
15.00
16.90
31.50
13.80
27.10
20.90
13.90
13.80
20.90
35.60
12.30
13.40
39.20
43.60
39.90
18.60
37.50
25.70
41.00
33.40
38.60
38.80
33.80
38.70
16.60
26.70
12.30
34.60
25.00
18.40
12.50
19.60
41.90
11.30
22.20
31.60
14.60
10.30
11.40
22.30
42.70
38.10
36.20
39.70
44.20
16.60
41.10
32.60
22.20
32.60
24.40
19.50
10.20
13.60
23.90
25.70
15.50
19.00
21.80
41.40
29.50
40.10
21.20
28.20
26.40
32.10
22.90
18.10
15.10
34.30
32.70
43.10
42.50
38.10
13.10
36.70
23.30
20.60
26.90
44.00
31.00
40.60
17.60
12.50
11.90
16.50
36.00
24.90
13.00
33.80
17.50
36.90
41.30
13.20
23.00
44.20
43.70
34.40
38.00
13.10
28.90
13.40
38.80
31.60
27.50
35.50
22.10
29.60
33.20
36.20
32.70
29.00
10.80
19.00
16.50
34.30
40.30
28.90
36.40
17.90
28.20
15.60
29.50
14.30
22.40
18.90
23.50
17.40
36.60
44.00
29.00
38.10
14.90
11.80
19.70
27.50
20.30
25.00
41.80
38.70
42.20
39.20
34.50
12.40
35.50
39.80
27.70
37.20
28.10
19.20
45.00
39.10
40.20
23.00
10.10
30.10
12.70
39.30
33.10
31.10
17.60
36.60
38.30
35.60
22.40
34.80
22.60
11.50
41.80
43.90
26.40
43.10
40.10
34.40
19.90
40.50
19.30
40.70
19.20
26.30
18.90
25.10
37.40
25.30
11.20
33.00
11.00
27.60
23.10
23.50
20.40
29.90
31.10
14.70
24.90
22.40
12.20
20.80
29.20
31.10
24.10
35.30
39.30
19.50
17.00
21.40
42.30
16.90
24.60
12.60
43.60
23.90
24.80
26.30
20.80
33.50
32.00
40.60
20.90
22.10
20.70
20.50
33.80
15.00
22.70
26.10
11.30
39.10
30.20
25.00
32.10
16.90
18.10
20.70
37.80
43.80
15.10
24.30
29.60
25.10
43.20
20.70
30.60
10.80
27.50
44.60
40.70
19.90
26.00
35.50
41.60
22.10
40.00
28.20
24.30
30.50
44.20
11.90
19.80
28.80
18.60
43.00
17.30
39.90
17.70
27.10
19.30
36.50
28.90
20.30
15.40
27.50
34.50
39.20
43.70
24.50
34.50
11.40
16.00
26.80
20.90
37.70
38.20
20.20
39.00
27.80
28.90
14.60
27.60
14.40
18.20
18.00
37.60
23.60
37.70
38.20
36.70
45.00
11.90
21.70
21.80
28.80
10.60
24.80
19.90
24.20
38.50
36.00
37.00
34.30
27.50
23.00
39.30
11.40
25.50
43.10
41.10
11.40
10.30
22.70
36.10
24.30
27.70
18.00
32.70
12.40
12.90
28.60
16.00
32.80
25.80
13.40
21.10
14.60
13.60
40.50
28.70
44.20
29.70
43.50
14.80
17.60
15.40
42.70
39.40
17.50
41.90
39.40
14.90
10.60
11.30
32.50
45.00
22.90
10.80
20.40
22.10
42.20
32.30
26.30
42.00
32.80
42.40
37.60
31.40
44.90
32.80
37.70
30.70
34.40
44.70
11.30
36.30
16.70
29.70
22.90
38.90
31.00
13.70
19.70
26.10
24.90
23.60
19.10
40.40
37.30
38.10
43.10
12.00
28.20
43.10
21.90
26.60
40.70
38.10
14.70
23.50
25.70
10.10
28.10
39.80
35.50
43.40
26.00
29.50
15.40
23.70
23.40
32.80
44.70
19.80
25.30
36.50
30.00
30.40
34.60
41.90
19.90
31.20
44.90
13.20
18.30
31.70
32.00
32.20
11.10
25.90
42.40
21.40
37.50
20.00
35.00
35.40
24.00
35.20
16.70
26.50
28.70
30.20
44.40
42.10
13.40
34.80
29.90
24.30
35.00
44.40
22.30
26.50
25.70
34.50
38.90
12.30
34.30
42.70
14.90
10.60
32.90
15.90
13.30
20.70
23.70
33.70
10.90
37.70
37.80
23.40
33.40
21.20
44.80
27.70
26.20
24.50
16.30
14.80
26.30
20.80
19.00
34.80
20.20
39.50
34.20
20.80
41.50
31.80
30.00
20.30
26.00
34.80
25.40
27.50
28.30
28.90
42.30
32.20
13.90
29.50
27.70
29.10
11.70
34.70
39.70
41.60
27.50
13.90
39.50
14.40
28.20
40.60
39.50
26.40
19.60
33.00
13.10
12.90
36.00
38.60
18.00
37.10
18.20
41.40
37.80
31.30
33.60
14.10
16.00
24.90
32.40
29.60
38.90
43.60
44.90
17.50
37.10
21.40
41.40
43.40
22.50
32.30
23.30
24.30
23.30
40.40
24.20
22.20
15.50
33.20
24.60
32.20
35.90
39.30
29.30
18.40
22.60
14.90
23.00
44.90
11.20
12.80
18.80
41.50
33.20
20.10
18.00
41.80
40.30
42.20
26.70
20.80
23.80
24.20
30.10
27.20
22.80
11.20
45.00
20.80
23.60
33.20
32.80
25.10
18.00
20.90
21.10
25.70
34.80
10.60
31.00
21.00
22.40
40.20
28.10
37.90
24.60
12.10
13.40
11.40
10.20
18.30
10.00
38.80
26.10
31.60
19.70
13.40
14.80
33.40
30.60
26.30
10.50
36.40
39.40
16.30
42.10
17.40
41.00
20.80
27.40
20.10
11.80
32.30
37.00
32.70
19.60
38.40
29.20
13.50
13.60
31.60
42.50
13.50
12.70
28.90
27.00
16.50
23.00
33.20
26.00
44.80
38.70
10.90
34.70
21.80
22.70
27.10
34.10
43.90
27.90
21.30
38.90
34.90
26.00
30.60
15.60
36.50
11.50
36.00
32.60
35.80
38.60
37.90
26.40
18.30
18.80
34.20
10.70
29.80
35.50
32.80
23.00
33.70
15.70
26.10
38.80
39.00
31.50
15.10
19.60
19.50
32.00
35.80
43.60
42.40
16.70
27.30
21.00
18.70
13.60
19.60
43.30
15.30
21.50
37.90
25.80
42.60
40.00
32.00
22.90
18.70
11.30
38.80
24.40
12.20
17.80
27.20
29.50
34.30
39.10
20.80
17.00
19.20
28.60
13.10
33.40
23.90
30.50
22.50
15.40
18.50
28.60
30.00
31.40
18.10
22.80
10.20
20.50
15.30
18.30
26.10
30.30
20.20
29.00
38.50
20.70
12.90
15.60
28.90
40.20
23.90
21.80
29.70
44.00
19.30
15.90
10.70
12.80
23.30
22.20
35.80
20.60
27.10
26.50
19.40
12.80
31.00
27.00
34.80
35.20
29.70
19.80
25.40
29.60
27.00
33.90
22.10
43.00
15.70
22.70
10.10
11.60
28.50
27.20
31.70
17.50
18.90
34.40
25.70
12.00
44.60
33.20
18.80
40.30
41.60
27.70
29.60
34.40
32.00
11.90
28.90
18.50
17.10
30.30
41.50
25.90
32.80
39.70
43.20
28.60
22.20
18.30
36.80
34.40
41.40
25.30
34.50
17.70
12.40
24.80
30.30
38.20
23.00
26.80
35.10
28.80
42.80
30.20
14.30
44.30
36.40
26.50
19.20
40.50
31.50
22.60
41.40
12.30
12.90
41.50
42.80
24.60
17.90
25.00
14.80
35.00
33.20
29.40
34.70
42.90
17.70
32.70
43.50
37.00
25.40
32.10
41.10
26.70
39.40
27.90
25.30
31.10
18.60
25.00
30.30
36.70
43.00
35.70
32.00
28.00
22.80
36.20
29.70
44.20
31.40
36.40
32.60
21.80
33.80
40.20
36.00
11.60
37.10
24.80
12.90
12.20
13.80
12.50
14.90
42.10
40.50
23.80
31.30
33.40
11.80
41.00
16.60
35.70
20.80
43.00
15.70
12.60
29.40
41.30
25.10
13.80
22.00
20.60
27.50
42.70
27.00
28.20
30.40
44.80
32.40
21.70
20.50
15.70
16.30
10.70
25.50
11.60
13.00
31.30
24.10
13.40
30.60
37.80
30.60
14.30
30.00
13.40
22.10
27.60
35.10
31.80
43.20
14.70
32.10
18.40
45.00
45.00
16.10
31.30
36.30
40.30
12.60
39.30
39.50
36.90
41.10
32.50
20.60
35.30
19.20
27.30
21.30
42.10
10.30
37.80
13.70
28.60
19.80
31.90
42.00
11.60
22.20
44.40
42.90
13.30
23.50
31.20
13.30
23.90
17.40
15.80
22.90
44.10
29.50
25.00
11.40
30.40
17.70
18.50
25.00
18.10
14.70
19.20
11.80
12.20
31.00
29.80
33.80
44.70
33.90
10.30
29.30
34.60
24.10
12.70
10.20
39.00
32.60
29.90
12.10
30.10
38.90
32.00
38.90
28.10
33.50
20.60
14.50
26.20
28.70
18.00
16.60
29.60
41.20
23.60
13.40
33.00
36.20
21.90
35.20
10.10
37.60
30.90
25.90
11.30
26.80
22.60
15.20
29.80
38.30
38.60
22.50
14.70
35.90
13.90
11.70
25.40
32.90
36.80
29.80
43.60
25.90
40.60
38.40
35.70
28.10
40.70
43.20
37.00
14.50
44.70
17.70
12.20
20.40
44.00
37.60
22.00
17.90
37.40
33.50
13.20
39.80
20.30
27.80
18.20
23.60
41.60
12.90
11.00
12.50
13.10
27.60
17.40
29.10
33.80
32.80
18.60
41.10
20.20
23.90
20.40
10.70
19.20
29.90
43.40
15.80
41.90
20.70
33.30
39.00
26.10
35.70
38.40
12.90
24.00
32.20
28.20
26.60
26.30
23.40
33.50
39.70
39.90
38.70
22.80
26.70
19.30
38.40
30.80
13.80
28.30
33.20
13.90
10.40
10.10
23.00
38.60
10.40
44.60
24.00
27.30
25.40
41.70
36.10
29.60
27.80
19.70
17.10
27.70
23.90
31.90
45.00
29.90
29.20
17.50
21.30
25.50
20.70
17.20
23.90
37.10
23.30
10.40
36.60
27.10
15.90
34.90
35.70
42.80
11.00
34.60
17.30
27.90
43.30
19.30
24.30
42.20
12.30
14.50
26.20
14.00
25.30
10.00
40.10
31.40
15.90
26.10
21.60
43.40
18.00
16.10
23.10
30.30
44.10
23.60
33.10
39.40
33.60
34.70
30.70
38.70
31.90
44.00
28.60
17.90
16.20
16.60
27.10
29.10
24.50
21.20
11.20
16.50
42.90
38.50
28.20
13.40
11.90
11.30
41.70
42.80
23.70
23.20
10.10
19.50
40.50
27.20
28.30
39.30
20.40
28.70
44.40
15.90
26.50
13.00
21.60
22.10
29.80
27.60
34.80
35.40
18.30
45.00
35.60
42.80
24.00
41.60
22.30
39.10
24.20
42.50
31.00
19.60
21.90
36.00
11.10
11.20
30.30
30.20
25.20
30.40
42.80
36.80
20.70
18.60
12.10
39.00
15.70
37.30
21.20
29.40
20.80
40.10
24.60
25.70
29.50
37.00
25.50
24.70
21.00
15.60
16.20
19.50
20.00
12.10
45.00
23.40
29.10
19.10
33.30
10.80
29.00
43.50
33.10
11.40
40.60
28.80
36.10
41.20
20.60
33.10
33.50
24.40
36.30
40.20
32.40
42.30
28.90
10.70
30.20
17.20
24.00
35.90
20.60
27.30
21.00
37.00
33.40
22.00
12.80
25.00
44.20
18.90
41.90
34.10
26.30
39.50
26.70
41.00
16.90
32.00
21.60
38.20
32.20
12.60
34.50
34.10
15.90
31.90
24.60
14.80
20.30
43.60
29.50
24.40
12.80
21.50
14.00
11.40
26.50
22.90
37.80
39.90
19.80
34.80
18.60
35.00
19.20
20.90
19.30
22.50
29.70
36.10
36.00
18.60
23.00
21.10
40.30
10.80
26.90
36.40
20.40
37.80
37.60
34.80
34.30
40.00
25.70
44.20
42.20
12.50
21.60
38.50
10.80
37.30
25.80
40.60
20.20
37.40
38.80
33.60
30.50
19.40
10.70
16.00
14.80
40.20
21.30
20.40
18.70
25.50
20.50
27.40
11.60
13.00
18.60
20.80
10.80
32.30
29.00
18.60
43.50
30.80
10.10
22.00
22.00
23.50
31.00
12.20
22.80
43.60
35.50
31.70
19.30
31.90
29.60
17.50
11.00
14.20
36.50
12.00
33.40
19.70
19.20
38.10
33.20
22.90
36.00
15.10
22.30
23.50
42.40
16.10
12.50
44.20
14.60
42.90
34.80
15.20
39.60
19.30
37.80
16.10
26.20
15.90
44.20
43.70
29.00
32.00
41.10
34.60
38.80
15.30
10.20
29.60
16.90
34.80
14.30
32.00
38.30
15.20
12.50
14.60
39.90
40.00
21.10
39.80
24.50
15.50
12.50
25.90
20.90
20.40
44.00
33.60
41.00
24.00
17.10
19.50
41.00
33.40
32.00
29.50
15.40
38.90
15.40
38.10
23.60
41.30
13.40
26.70
18.00
44.30
15.20
24.70
38.10
38.40
16.60
10.20
18.60
21.80
26.40
37.50
28.30
31.30
25.00
36.80
31.10
35.50
31.60
29.30
42.70
17.40
15.40
10.90
13.90
24.00
20.70
43.90
17.20
11.60
32.20
13.00
33.90
19.10
20.50
10.80
43.70
36.50
18.80
26.10
27.90
43.00
37.00
28.50
20.50
33.00
20.10
34.10
44.60
14.30
43.40
27.20
21.80
22.50
15.90
24.40
15.00
10.70
36.00
25.60
10.40
33.90
12.20
13.90
16.50
36.00
44.70
12.40
12.10
39.10
44.80
30.20
28.70
18.40
42.00
15.60
34.60
34.70
26.50
28.00
17.00
39.60
44.60
43.30
13.70
12.70
37.50
16.70
42.30
33.60
34.00
14.90
10.40
29.30
34.90
18.50
43.90
44.30
36.60
39.00
39.30
32.20
15.00
11.70
16.60
25.50
16.50
26.40
23.00
18.20
19.10
22.80
38.90
16.30
35.50
18.90
33.70
11.60
15.50
30.60
27.90
10.90
39.80
27.00
13.50
42.30
32.40
38.70
44.70
35.70
18.10
22.00
41.70
43.90
15.70
32.60
11.30
28.60
38.00
30.10
27.20
20.80
33.40
38.00
31.60
36.50
16.40
39.10
13.30
28.60
33.00
21.70
18.60
24.00
17.40
30.10
41.50
18.30
22.30
25.60
23.20
11.20
10.10
17.90
25.20
13.10
32.40
34.30
45.00
10.80
19.80
42.30
44.40
42.60
20.50
37.00
43.80
30.00
23.40
32.40
36.50
23.20
16.40
37.90
40.90
36.60
31.80
30.90
15.60
41.70
35.30
34.60
25.40
17.30
13.90
33.50
37.70
25.70
17.10
10.10
41.10
16.60
13.00
44.40
38.10
35.70
20.80
36.20
35.50
11.30
36.70
40.00
36.70
39.10
15.10
30.10
35.50
19.10
41.30
43.80
14.90
12.50
28.50
22.30
29.10
44.80
22.80
15.40
11.20
20.00
41.10
39.90
38.30
44.90
10.30
14.80
15.10
22.20
36.80
12.70
16.80
24.60
29.10
27.00
36.40
19.90
18.10
32.30
10.70
27.80
17.00
34.60
10.80
12.90
32.40
27.60
38.80
13.10
21.80
37.40
31.40
35.80
17.40
37.90
19.90
13.50
15.30
12.80
21.00
12.00
35.80
35.60
24.00
34.90
20.00
22.20
11.90
43.80
15.80
37.10
44.30
22.60
16.50
17.20
11.80
20.20
24.10
17.60
11.40
19.80
19.50
40.00
33.30
34.10
21.60
32.80
41.00
29.30
40.30
19.40
23.70
38.70
17.30
25.50
26.30
32.80
30.00
27.30
10.50
30.10
16.20
44.10
30.70
42.50
11.90
42.80
17.50
18.90
19.90
27.70
30.40
22.00
41.80
21.60
11.10
17.90
21.40
26.00
33.40
34.10
23.40
43.10
34.20
29.40
13.50
32.30
44.10
32.70
37.80
23.50
44.60
32.70
17.20
26.20
17.00
15.30
43.30
24.60
44.10
35.20
11.50
34.80
19.60
38.90
44.30
43.40
28.50
14.40
28.00
20.90
25.40
30.70
36.70
41.80
30.80
13.50
10.00
43.70
37.60
39.90
15.70
18.80
24.80
26.00
37.90
21.30
31.50
13.60
38.60
28.70
32.40
17.40
10.70
30.20
36.80
38.90
38.80
24.20
28.90
44.50
10.50
35.70
43.80
40.50
40.70
41.60
12.00
41.00
29.20
33.20
42.90
39.60
14.90
16.20
39.50
35.90
13.30
31.70
39.60
20.40
15.20
34.50
34.10
40.50
32.10
28.80
17.00
13.50
31.90
14.70
21.50
10.90
26.80
25.70
42.20
27.00
30.30
21.70
12.80
29.10
31.80
20.30
37.50
42.30
32.60
20.00
19.90
14.80
42.80
17.40
24.20
42.50
10.00
28.20
19.20
20.60
38.40
44.30
17.70
24.40
18.60
25.70
21.80
32.90
27.70
35.70
16.10
41.00
24.20
35.70
23.20
13.00
20.10
26.40
14.90
13.90
33.00
23.80
37.50
18.60
16.00
41.30
14.10
12.70
24.10
29.40
44.70
41.60
17.70
21.70
28.10
20.00
21.10
13.30
32.70
44.60
39.80
28.50
19.30
38.90
43.00
44.60
18.00
26.90
22.20
12.50
44.80
30.20
20.30
33.80
30.00
26.90
33.50
28.70
37.70
20.20
18.60
29.70
42.80
26.80
18.60
22.70
23.00
34.10
26.60
26.90
18.80
23.50
19.30
19.50
35.20
33.20
11.60
40.30
19.00
26.30
40.70
19.80
30.70
20.90
14.70
40.10
41.90
31.70
11.20
22.30
11.40
24.70
39.30
18.70
12.30
13.80
37.80
30.10
21.00
24.50
29.90
38.60
39.90
40.60
10.10
25.30
29.20
42.70
24.40
43.50
20.20
45.00
32.80
34.40
36.40
16.60
35.00
11.00
13.70
13.30
14.00
19.50
19.30
22.90
21.00
23.70
31.00
43.00
38.30
23.50
40.40
16.20
34.90
17.90
16.30
29.70
16.40
12.60
43.40
13.10
22.90
42.60
44.60
41.60
41.50
23.50
18.00
37.20
36.20
41.50
20.70
40.70
35.30
39.60
38.70
21.10
31.50
37.10
29.00
28.60
15.40
13.10
13.20
19.50
21.70
19.30
38.40
34.70
11.00
39.30
38.40
31.30
41.10
32.10
39.60
33.20
28.70
39.30
35.80
35.30
44.20
24.30
29.30
43.60
22.40
31.00
36.30
19.50
34.20
39.30
16.20
11.50
27.40
17.60
43.60
40.10
35.30
10.70
40.00
32.80
38.40
34.10
17.30
23.60
37.20
20.70
19.60
21.50
20.00
41.60
40.30
44.30
33.20
23.60
37.40
31.90
40.50
26.10
25.70
33.60
21.90
26.50
30.10
10.10
31.40
41.20
22.40
10.30
28.00
11.10
17.50
25.60
41.20
14.90
14.80
16.40
34.50
13.40
44.30
25.50
36.30
33.70
13.70
11.10
31.10
42.20
44.20
14.80
34.00
41.20
24.60
26.50
11.20
36.20
23.70
30.10
41.70
42.30
22.40
19.50
14.60
24.40
32.00
17.10
24.60
42.90
24.10
18.20
20.50
34.50
31.90
30.80
41.50
18.80
34.50
43.90
44.20
11.70
44.30
12.30
22.90
11.10
12.10
39.20
27.30
24.90
12.90
14.50
26.40
15.90
27.00
38.90
22.50
32.70
12.20
31.70
12.70
41.00
42.80
41.20
44.10
33.20
16.20
13.70
14.70
20.90
31.20
24.90
26.00
14.10
30.60
36.20
26.10
32.90
16.00
29.20
18.80
23.80
31.10
33.00
33.40
13.20
39.70
38.70
43.50
27.10
11.90
31.60
20.60
41.00
28.60
12.50
35.60
16.20
41.50
42.10
22.10
43.10
41.80
32.50
26.80
40.90
20.30
29.20
16.30
26.90
36.40
35.50
13.20
18.00
25.10
24.40
28.10
18.90
15.70
14.60
15.30
21.20
15.00
41.30
34.20
18.10
43.30
44.30
14.00
33.40
35.50
38.60
31.60
41.10
19.80
19.00
27.80
10.00
36.40
27.20
40.00
41.60
16.50
26.60
15.80
31.30
32.40
34.90
10.40
31.10
39.20
19.40
22.70
38.60
35.60
40.00
27.70
32.60
15.00
18.90
43.40
37.70
33.60
21.50
17.20
28.30
22.50
10.00
40.60
25.70
12.20
30.10
31.60
13.10
38.70
11.90
32.40
32.40
30.60
43.10
14.50
19.10
10.80
43.00
20.70
13.50
10.70
33.10
28.70
12.00
23.70
15.30
16.50
36.10
28.90
44.20
36.20
37.80
17.50
20.20
28.90
37.40
12.10
20.20
43.80
26.90
35.90
22.20
22.60
29.40
32.60
24.20
42.00
41.50
28.10
33.20
31.50
12.90
41.30
27.40
32.40
32.20
18.20
27.50
10.20
40.80
42.90
36.90
15.20
42.00
43.50
20.80
27.40
30.80
31.90
31.90
43.50
12.40
30.50
38.50
24.60
38.40
12.40
36.60
45.00
18.60
16.40
14.90
22.90
30.60
22.40
24.90
13.90
10.80
15.40
20.40
35.80
36.50
14.20
25.00
17.40
15.90
35.00
16.10
27.30
24.40
31.10
23.70
38.40
18.40
13.90
29.40
14.40
19.10
41.60
44.60
32.00
20.10
14.20
33.80
11.90
14.90
11.40
23.10
23.80
39.40
23.80
21.20
31.30
32.30
23.40
35.20
37.20
10.90
18.00
27.30
30.60
11.50
44.80
34.00
43.40
33.10
44.60
20.20
28.70
15.50
29.80
19.70
29.20
42.10
43.70
40.50
28.70
31.20
40.70
35.50
34.00
12.10
40.60
16.80
14.70
22.10
31.40
31.80
12.20
19.30
20.60
37.40
19.00
33.50
16.90
15.10
37.70
16.10
23.70
24.80
16.40
28.60
11.80
42.90
26.30
20.90
31.00
44.60
32.20
34.70
15.80
40.30
15.90
11.60
15.40
17.90
28.40
13.60
31.90
39.40
39.70
38.90
30.30
16.90
19.80
10.50
36.40
41.60
10.20
36.80
35.50
26.60
25.20
44.40
17.70
30.80
27.20
18.60
33.00
29.10
13.90
13.80
17.10
44.30
33.40
15.40
38.50
35.90
31.20
26.70
14.60
18.80
44.70
41.20
16.80
23.80
23.80
24.10
43.70
17.00
22.10
33.10
37.00
43.10
40.10
33.70
11.80
13.80
36.40
29.10
40.10
42.10
29.10
32.30
10.30
14.90
22.90
21.60
30.50
42.20
30.10
36.60
38.10
33.50
42.80
45.00
22.80
24.60
13.90
28.50
36.10
41.20
24.50
21.90
11.60
29.20
11.50
33.60
19.30
33.40
22.80
22.30
22.20
17.60
21.70
33.90
38.00
21.50
40.30
25.90
21.00
29.00
23.10
44.10
17.40
18.90
19.60
27.30
30.50
38.00
30.50
32.70
42.50
38.00
29.60
32.00
36.10
40.50
28.70
39.80
38.10
34.50
35.30
14.10
27.40
30.50
29.40
36.00
37.60
22.00
34.40
22.10
33.70
36.70
40.30
20.50
11.50
20.80
27.70
43.00
35.80
14.00
20.70
22.00
25.00
34.30
18.90
28.20
42.20
34.90
39.80
24.00
38.20
16.00
21.10
24.30
15.00
23.70
30.40
17.70
27.70
27.90
18.40
26.00
39.20
10.50
26.50
13.70
24.60
15.70
38.30
27.10
40.20
34.00
24.50
22.00
17.10
27.90
20.80
12.60
16.50
39.30
41.40
34.10
35.40
30.50
15.00
21.60
16.70
26.70
25.90
43.20
26.50
24.90
16.20
28.70
19.10
33.30
20.90
13.70
44.10
17.10
40.80
38.70
20.90
31.90
25.60
29.50
36.00
42.00
14.30
29.40
18.40
35.10
15.70
11.00
11.80
40.40
35.70
43.90
17.00
43.60
23.90
15.00
23.70
33.80
14.90
11.00
30.70
19.40
21.10
37.30
36.00
26.30
21.50
12.40
29.90
40.50
21.60
13.70
19.10
18.00
43.50
28.40
26.00
22.90
37.90
42.80
28.80
45.00
11.30
35.70
32.00
30.50
19.00
40.30
39.60
30.90
43.10
34.30
15.70
35.70
38.90
23.80
29.20
39.70
20.60
36.90
40.60
24.60
20.10
22.00
20.20
33.40
10.30
32.10
41.40
41.60
30.90
34.70
43.80
32.40
36.00
44.70
11.90
39.40
41.40
25.50
30.40
38.60
39.20
16.30
41.20
16.50
24.40
12.80
39.00
13.20
20.10
24.80
15.50
28.00
32.00
23.20
24.00
17.30
31.80
42.50
34.00
22.00
30.70
41.40
10.60
14.20
18.70
39.40
25.90
33.50
33.30
21.90
28.70
11.30
37.40
20.00
17.40
35.00
23.60
40.40
38.50
15.50
34.80
14.50
20.40
40.70
20.30
10.50
30.30
34.60
16.40
12.30
22.50
19.20
43.50
34.30
14.20
14.20
33.40
12.60
20.00
38.70
17.30
29.40
17.20
26.40
38.80
31.50
35.80
16.80
19.20
10.80
10.70
24.90
34.80
40.40
13.30
16.70
23.60
17.90
44.40
41.60
39.60
21.40
22.00
37.40
43.80
36.50
17.80
18.80
29.10
32.70
29.60
17.00
17.80
19.20
14.60
43.50
23.70
40.90
29.50
40.50
17.10
43.20
21.20
42.30
13.20
39.10
28.10
12.90
27.50
22.10
20.00
11.50
31.30
22.60
17.90
12.00
24.20
36.10
19.30
21.30
14.90
35.70
24.00
13.60
30.40
16.10
33.60
40.90
34.00
19.60
33.80
39.30
28.50
28.40
26.10
26.70
36.50
39.10
29.90
20.20
23.40
20.20
42.50
18.00
15.40
41.80
14.30
31.40
31.40
17.00
27.40
28.60
44.00
44.80
10.30
42.60
30.60
18.10
36.80
30.70
22.20
14.00
42.70
28.70
42.90
30.70
44.90
10.10
13.00
29.00
40.90
23.90
40.40
14.30
13.90
36.80
28.60
33.80
32.60
18.60
15.70
21.00
30.00
24.10
39.60
24.50
25.70
30.10
41.80
27.70
36.40
12.60
39.10
18.10
18.70
34.00
12.80
13.80
43.00
10.40
30.20
14.90
33.20
35.70
40.00
24.80
13.20
29.40
43.50
27.20
42.50
41.70
21.80
37.10
18.50
23.20
31.60
39.40
23.50
30.70
18.80
41.20
15.80
10.40
21.50
20.90
18.10
34.10
19.10
10.10
27.50
25.70
36.00
17.60
10.10
36.70
40.30
39.80
37.60
29.30
44.40
27.20
25.70
19.40
38.10
31.30
18.10
17.00
34.00
14.50
16.10
15.00
35.30
28.30
10.10
17.60
22.00
33.90
11.40
22.80
40.20
27.70
30.10
43.90
23.40
27.20
15.20
43.60
32.10
34.20
44.90
26.00
13.50
35.40
11.00
10.20
29.90
27.50
14.70
13.00
31.50
15.20
44.20
24.10
42.00
33.00
14.70
14.00
41.80
42.10
43.40
28.80
44.10
44.00
17.20
17.90
40.60
36.40
12.10
34.00
17.00
43.00
19.80
24.90
35.20
43.80
42.10
20.50
15.90
26.30
20.00
12.00
30.10
12.20
39.30
17.80
32.90
26.00
32.00
14.30
12.40
32.70
24.90
24.80
32.60
22.90
39.10
33.70
38.20
11.20
14.40
21.00
30.20
37.50
33.70
15.90
25.20
20.00
21.10
21.90
28.10
42.60
31.10
11.90
30.70
24.30
42.70
16.90
39.50
11.20
31.30
15.70
38.10
23.70
22.70
17.50
13.40
19.10
42.60
36.00
18.50
13.70
21.50
20.50
20.50
14.30
18.00
14.90
28.10
12.00
23.00
11.00
14.60
32.90
37.00
40.70
18.80
41.60
17.00
26.70
22.10
25.40
24.00
14.80
42.80
35.00
31.60
19.20
34.50
27.30
19.50
18.00
16.70
41.10
40.70
19.00
36.70
30.40
10.70
16.10
14.50
36.30
17.30
41.10
15.50
18.30
39.50
33.70
39.30
17.60
16.40
12.90
34.30
12.70
19.70
15.40
20.20
17.80
30.80
23.30
18.50
34.80
35.10
25.10
18.70
28.50
19.50
13.30
32.40
18.70
34.60
19.90
39.50
43.10
10.20
16.70
30.80
22.20
33.40
15.30
23.80
15.70
24.60
27.90
11.60
26.30
18.50
20.40
21.90
22.60
20.10
14.10
39.10
33.20
21.80
38.80
21.30
18.60
45.00
36.20
22.40
31.10
27.80
43.10
18.80
41.00
37.40
42.20
13.60
16.10
14.90
33.20
18.00
40.20
12.60
26.70
10.40
27.20
23.80
23.80
34.30
22.70
27.10
43.80
14.50
18.70
29.60
22.30
18.60
38.30
14.30
42.70
38.30
44.70
11.10
42.40
39.50
30.10
19.20
22.10
30.00
10.10
26.10
36.90
26.00
27.50
24.40
24.70
36.80
24.80
33.40
19.50
25.00
34.20
31.30
24.30
44.50
34.40
43.60
24.90
42.60
36.80
21.20
35.20
35.50
21.60
36.20
15.20
32.70
20.30
18.10
40.00
16.50
13.40
31.40
10.80
24.70
41.00
29.80
16.30
25.20
18.90
41.20
31.70
17.90
33.50
10.90
34.90
18.30
19.60
29.90
27.80
37.10
34.60
28.60
42.90
31.50
42.50
42.00
24.10
30.50
27.80
35.10
11.80
12.70
31.90
41.60
39.10
31.10
34.00
24.50
22.10
14.80
30.80
14.60
20.70
28.40
36.00
36.50
43.20
21.40
37.30
24.60
37.40
17.20
12.50
31.00
18.80
27.80
43.70
43.80
19.70
27.60
11.60
34.70
42.20
18.90
36.20
10.00
16.30
26.80
13.40
43.30
31.80
34.80
39.40
42.30
40.20
20.00
10.10
15.00
29.10
10.70
36.00
43.40
25.50
30.00
17.10
35.90
21.90
38.90
37.00
18.90
34.20
33.20
40.90
40.20
29.00
27.10
25.20
27.70
17.10
43.40
31.20
37.90
11.80
44.70
38.60
14.80
27.20
44.70
28.20
40.90
44.00
16.20
13.90
31.60
34.00
38.90
13.80
32.10
24.90
32.10
10.60
30.50
41.60
29.50
27.70
38.50
39.90
39.40
40.30
36.90
35.60
37.60
42.00
25.20
23.80
38.30
29.40
16.80
10.90
32.80
14.70
21.00
41.40
22.50
37.60
24.40
24.00
42.00
41.10
23.50
35.70
44.70
39.50
34.90
20.40
27.30
40.70
37.10
15.00
22.10
40.50
16.00
11.40
45.00
21.90
19.80
24.50
39.00
28.90
14.10
20.30
32.00
34.70
14.40
18.90
23.10
29.60
23.40
15.80
44.00
24.60
29.40
26.80
38.60
10.20
28.00
10.90
29.00
25.70
24.80
38.50
32.10
21.30
26.50
26.00
15.10
22.00
34.80
23.40
19.60
41.80
45.00
30.50
43.50
42.40
29.70
44.10
37.60
40.00
11.00
39.00
23.90
31.90
36.20
31.00
14.70
25.40
13.60
17.00
38.00
30.20
40.00
17.20
39.30
26.30
37.10
15.60
12.80
32.20
12.70
27.20
42.30
20.10
14.60
35.90
36.70
40.60
18.50
35.10
10.20
35.50
10.40
27.70
43.20
14.70
11.60
21.60
32.10
40.30
10.40
19.70
16.60
21.20
18.80
23.70
28.90
28.80
38.90
22.00
32.30
32.60
37.20
23.50
12.10
13.30
38.30
31.70
34.30
23.70
44.00
18.30
29.30
25.10
44.80
39.50
20.00
22.50
11.90
33.00
43.50
25.80
27.90
15.70
20.80
24.10
39.10
12.70
10.10
11.80
10.00
23.00
27.70
41.50
16.60
35.80
31.60
13.60
30.00
18.20
13.50
44.00
12.90
25.30
32.20
23.90
39.80
20.40
31.30
19.90
34.80
39.00
33.90
17.80
41.10
41.00
15.70
30.90
20.70
25.70
33.40
10.70
19.90
17.80
12.10
37.30
34.40
11.40
32.60
34.10
30.80
16.10
28.20
10.00
39.20
31.70
14.70
36.30
33.00
10.60
41.50
27.80
16.20
27.70
32.20
37.70
23.90
14.00
32.20
12.80
11.20
42.80
28.90
27.60
38.80
34.10
27.90
35.30
31.10
31.10
27.50
24.40
32.00
31.20
42.80
22.70
23.80
33.90
44.50
13.60
37.90
10.70
25.40
28.70
25.50
23.20
14.20
32.20
23.50
32.10
19.80
41.10
42.40
25.20
24.30
26.40
13.60
11.20
43.40
45.00
21.10
38.20
16.80
36.20
34.10
11.70
28.20
38.90
35.30
27.50
35.00
44.60
10.00
15.10
26.00
31.40
20.50
21.00
21.80
35.50
38.90
30.20
35.10
20.50
37.80
29.10
20.80
32.90
25.50
23.10
45.00
25.60
13.20
17.70
30.90
15.00
18.20
11.50
22.00
13.20
35.30
32.10
26.00
22.10
36.20
36.70
29.70
13.50
24.10
21.10
25.70
