23.80
13.50
17.60
42.90
18.60
31.50
39.50
42.80
44.30
34.80
26.90
36.80
14.20
29.60
10.20
40.90
14.70
44.20
14.00
30.60
18.10
16.40
19.30
41.50
27.20
32.60
24.10
23.50
28.60
32.60
33.10
22.80
10.80
22.10
34.20
15.40
32.50
30.10
34.70
28.60
14.40
16.30
31.60
40.50
20.60
44.50
32.30
23.70
17.50
26.70
11.60
42.50
18.80
42.30
35.10
29.50
38.10
26.90
13.90
15.70
20.80
27.90
13.80
33.70
37.40
10.10
31.40
36.90
17.80
34.50
32.90
35.40
12.50
44.70
15.20
17.20
21.00
44.10
44.00
27.60
31.50
15.50
28.40
16.20
44.70
28.20
12.90
20.70
39.30
43.30
24.50
40.00
10.60
40.90
22.00
42.80
22.20
33.60
10.50
20.20
11.70
23.60
18.80
31.30
16.00
43.70
33.00
28.60
38.10
31.40
41.40
21.60
16.30
34.30
28.70
17.20
25.90
12.20
25.20
39.60
20.20
35.90
16.20
30.90
11.80
22.10
25.10
32.70
22.50
15.80
33.70
13.30
41.20
19.70
17.90
10.30
10.50
12.20
45.00
42.70
36.10
31.60
14.30
32.10
21.90
32.50
19.80
15.00
27.70
33.60
43.70
29.80
19.00
21.00
31.30
38.70
24.40
20.30
18.00
14.80
27.60
20.60
17.40
31.70
26.40
35.90
35.40
21.10
19.50
10.70
35.00
28.70
27.00
33.90
12.30
24.00
24.90
36.70
12.30
31.00
22.70
12.70
24.20
43.40
13.00
26.00
32.50
24.00
30.80
18.40
17.90
22.40
19.00
11.30
44.50
38.40
40.00
20.20
41.20
20.90
42.10
44.70
19.20
32.50
18.70
26.00
26.40
13.70
10.60
22.30
28.00
32.10
14.60
38.70
41.60
43.90
44.40
23.80
29.20
39.80
27.20
43.70
12.70
41.70
21.80
26.80
19.40
40.70
19.40
34.50
36.10
31.00
41.90
15.10
39.10
17.10
22.20
18.00
39.80
19.70
27.00
42.10
15.60
27.20
35.20
37.80
29.20
41.20
16.40
30.30
24.90
11.70
38.50
13.10
44.10
41.60
44.90
21.50
43.00
12.20
41.40
33.00
24.40
16.40
25.00
23.60
24.90
20.00
15.00
36.90
31.90
26.70
14.90
44.50
34.20
36.90
27.80
33.00
21.20
32.00
34.40
24.50
38.10
27.10
18.80
44.40
11.70
42.60
42.80
33.50
29.00
13.20
36.40
20.70
23.10
11.10
32.50
27.50
13.40
42.40
41.70
16.90
11.80
14.50
18.00
20.90
15.60
25.00
11.30
20.00
17.90
27.10
43.40
44.30
41.80
43.30
19.80
35.60
13.60
21.10
18.80
39.30
15.90
30.10
32.10
40.50
22.00
22.40
25.20
17.90
28.80
40.10
12.00
44.00
19.80
37.30
34.20
44.00
32.00
32.40
29.50
15.60
40.10
35.60
14.10
12.30
32.60
37.40
15.20
31.20
20.10
10.30
36.30
21.50
41.40
41.70
23.60
44.70
27.00
17.40
31.50
44.30
21.60
44.00
37.90
18.00
29.80
34.30
26.30
29.30
34.50
29.10
31.00
23.00
22.90
29.30
37.70
33.60
38.60
35.90
30.80
17.60
40.20
39.20
39.90
40.90
12.60
16.10
35.40
43.00
23.60
31.50
14.20
33.30
16.70
36.20
21.90
26.80
18.60
31.90
23.30
43.70
22.00
24.80
17.80
32.80
20.50
13.20
34.80
26.60
44.60
34.90
43.90
30.50
40.70
22.80
18.60
21.80
20.20
44.90
16.40
37.20
14.00
34.30
27.80
28.00
26.00
15.50
31.00
12.30
36.10
39.20
42.60
26.60
44.60
23.10
25.30
24.80
35.70
42.30
11.60
13.00
42.60
30.50
16.90
39.40
21.00
10.20
37.40
34.40
12.20
38.40
21.20
33.70
26.70
35.40
26.40
25.80
13.00
44.90
20.40
29.40
30.20
28.90
42.90
28.20
26.60
40.60
34.80
22.10
29.80
35.60
10.00
43.80
11.20
20.90
43.30
33.70
32.40
20.00
33.90
41.00
18.60
34.20
30.00
17.10
44.90
20.60
31.40
23.30
19.10
26.20
31.80
43.10
40.30
17.40
23.50
28.10
14.90
30.80
40.60
22.80
24.80
39.50
15.80
26.80
26.20
39.00
18.00
44.60
36.90
44.30
25.60
37.20
16.20
18.40
17.60
22.10
39.20
12.80
26.40
20.00
40.60
25.90
11.20
24.30
12.60
15.10
24.10
41.70
42.80
32.50
38.80
29.60
17.30
13.20
40.60
21.60
42.20
13.40
28.70
32.90
30.90
15.40
40.80
43.80
27.60
39.10
44.10
44.60
17.90
28.90
37.20
33.60
39.80
27.50
25.90
27.90
31.90
41.50
25.30
16.10
22.70
28.90
41.70
31.90
41.90
34.90
32.80
14.80
23.10
12.80
13.10
31.30
23.90
10.40
44.40
34.00
25.20
14.90
16.70
23.60
18.00
35.90
37.80
32.60
18.70
17.20
37.10
16.50
43.30
26.10
31.40
13.20
30.50
22.30
22.20
29.80
22.10
18.40
20.10
44.40
34.40
22.50
44.20
11.60
18.80
29.70
26.80
14.40
12.20
37.70
23.10
35.20
33.50
24.50
29.10
19.00
40.70
29.90
39.30
11.30
42.80
39.10
38.80
10.90
33.70
12.70
30.30
25.00
44.20
15.00
23.50
13.30
40.90
27.50
42.90
27.90
26.00
37.50
21.60
10.00
36.90
12.50
30.80
28.60
36.60
11.80
29.60
44.20
32.50
32.40
24.30
44.70
35.80
10.30
24.40
18.30
38.90
33.60
28.80
44.10
25.40
35.40
12.00
23.10
14.60
11.20
10.30
14.60
36.40
33.60
28.50
14.90
10.70
26.90
31.90
33.30
35.90
15.40
17.70
34.40
33.10
31.30
37.80
25.80
33.40
33.50
29.80
19.40
42.40
30.90
14.80
34.70
17.30
30.10
42.40
32.70
33.60
17.50
33.70
16.60
12.60
24.40
14.50
31.80
30.40
19.60
42.40
28.90
19.90
29.90
23.00
40.10
41.60
10.40
38.20
23.40
21.80
24.70
27.90
39.80
30.20
40.30
28.50
34.70
38.80
33.10
43.60
32.70
33.50
11.10
17.70
23.30
43.00
23.60
43.60
12.30
26.30
16.50
19.50
29.60
37.50
36.30
38.20
19.80
43.40
41.60
19.50
35.30
29.10
16.30
36.70
31.30
14.60
14.00
10.60
15.60
37.80
38.10
34.10
15.50
20.50
23.80
34.50
28.80
44.10
37.40
25.30
36.00
43.20
15.60
16.10
35.00
17.50
36.60
28.40
32.50
15.00
30.30
34.10
17.60
38.50
38.70
38.40
44.80
41.50
32.20
40.40
23.10
28.00
11.90
37.40
17.70
21.70
31.90
28.10
14.70
29.20
32.50
30.10
36.40
38.50
25.20
40.00
42.90
16.30
25.90
42.20
20.50
17.00
22.60
30.50
23.70
42.70
19.40
37.70
28.20
39.70
12.10
44.70
25.90
29.50
32.10
37.00
36.20
38.70
43.90
19.20
42.90
42.20
31.90
30.80
15.40
37.50
23.10
37.80
39.90
32.90
29.10
27.30
14.50
36.00
29.20
30.60
26.30
18.50
16.20
30.10
26.60
11.20
36.60
39.90
17.20
21.40
23.70
39.00
18.20
27.80
36.20
25.10
42.70
31.10
16.80
15.30
42.70
20.70
17.50
34.20
37.30
39.70
24.90
19.50
30.00
14.30
14.30
30.40
24.60
11.30
21.90
42.80
41.80
11.50
34.10
19.70
34.10
32.90
13.70
40.30
26.90
34.80
23.40
17.20
18.10
36.30
25.80
26.90
44.90
21.30
30.00
33.40
14.20
14.60
16.50
11.80
13.70
16.10
27.00
18.10
29.50
24.00
17.90
17.30
41.20
43.60
43.20
28.90
37.60
43.80
22.50
12.40
37.20
16.20
23.00
40.00
30.50
27.20
27.10
35.20
29.20
42.10
23.70
26.80
39.00
37.70
27.30
42.90
11.30
22.20
30.30
36.00
12.30
14.30
27.20
41.60
10.80
20.10
21.90
24.50
14.30
31.60
15.30
41.40
34.20
36.90
44.00
38.60
12.90
30.50
37.10
18.60
39.60
31.60
41.60
39.60
12.90
40.10
32.00
30.50
24.70
22.60
42.40
12.10
24.60
14.50
40.00
37.50
42.90
10.10
22.50
25.70
12.80
23.60
18.40
44.80
10.90
16.50
14.90
13.40
11.60
24.70
32.00
16.90
18.60
26.50
41.00
16.70
33.30
39.00
20.00
16.70
24.50
36.90
35.00
16.20
36.20
39.30
32.50
10.40
12.00
42.70
28.50
44.20
35.10
13.50
41.60
24.90
17.30
29.00
34.40
32.10
13.80
40.30
40.90
26.30
19.60
10.40
10.60
33.80
14.60
24.60
22.30
22.40
42.60
26.40
28.60
21.10
21.80
16.50
25.50
42.60
19.80
27.10
27.30
45.00
26.00
17.50
10.30
30.80
42.00
33.10
26.30
22.30
11.00
29.70
37.60
10.20
29.80
33.70
13.70
30.80
39.60
28.10
24.40
17.40
23.10
12.80
37.60
18.80
12.20
43.60
30.90
10.70
44.20
35.50
23.20
44.30
25.70
21.60
43.50
14.90
21.10
12.30
17.40
26.40
12.20
22.50
21.20
28.70
42.30
34.90
28.60
22.50
28.50
35.50
13.00
30.10
26.70
19.60
19.90
30.50
30.40
11.70
29.80
43.10
42.60
14.60
43.60
23.00
43.90
24.00
25.00
35.60
36.80
10.00
29.70
35.30
42.60
25.30
38.00
26.20
40.70
31.40
19.50
33.20
39.60
29.80
33.90
34.20
38.70
17.70
25.00
43.70
16.20
25.50
20.50
42.50
14.60
22.10
35.50
20.60
33.60
24.30
43.30
44.70
18.60
37.20
14.80
11.70
17.40
15.50
18.30
15.10
15.90
44.00
14.60
36.60
39.70
17.50
22.40
31.20
11.80
18.10
39.40
40.70
40.40
14.90
44.40
16.70
42.50
15.20
19.00
27.30
40.30
24.70
28.40
29.40
10.40
17.30
18.70
38.10
12.20
25.50
40.30
17.10
14.00
20.70
10.90
42.50
43.40
22.40
29.60
30.80
12.70
31.20
35.30
19.80
21.80
35.20
24.50
16.20
12.20
36.20
44.80
24.20
18.10
36.10
23.90
32.00
44.00
19.70
34.60
44.70
18.00
41.70
12.60
44.80
19.70
20.50
27.00
15.00
43.50
20.00
29.80
25.30
38.80
19.00
35.50
37.40
17.50
42.60
14.00
18.00
38.00
15.90
42.40
36.10
36.10
29.20
30.00
34.70
17.80
27.30
29.80
42.90
25.80
24.00
11.90
43.90
38.30
20.90
35.30
36.90
19.90
41.10
31.40
19.80
14.90
42.10
13.30
42.10
43.20
21.30
34.00
42.70
24.10
20.10
36.50
21.10
28.40
33.80
22.90
42.60
22.70
33.40
36.70
21.80
39.90
13.90
12.80
43.10
14.80
35.70
44.50
38.60
17.80
24.50
29.70
27.10
37.00
12.90
40.70
16.90
26.50
33.40
24.90
34.50
17.20
17.40
38.60
15.80
29.30
38.60
16.50
25.10
14.80
26.30
36.90
29.40
25.50
24.90
38.00
16.10
35.50
42.60
36.90
36.80
36.30
41.90
26.10
33.40
17.10
22.40
20.00
43.10
11.70
19.60
44.30
10.10
26.90
26.10
31.60
30.20
26.20
23.70
32.30
41.70
11.80
10.30
43.40
32.30
43.80
39.30
17.70
38.00
18.90
21.80
17.30
33.20
34.50
29.50
33.80
11.40
38.90
25.90
17.80
25.40
38.50
15.60
43.60
13.40
44.50
24.90
18.70
35.70
36.00
33.10
30.80
18.60
18.40
20.60
25.10
13.10
28.20
42.50
44.50
37.20
27.40
23.40
31.90
11.60
18.40
31.70
34.90
42.70
29.70
27.30
39.60
34.90
27.00
33.20
33.70
10.60
38.90
33.80
19.90
19.50
38.40
16.50
35.70
37.70
40.60
13.90
25.50
10.00
33.00
17.70
33.90
19.60
11.90
38.60
43.50
20.70
38.60
42.50
26.20
20.50
23.60
42.70
20.70
23.00
24.30
34.50
38.20
42.40
33.50
16.70
34.10
28.20
31.50
32.70
19.20
38.20
32.30
14.30
42.90
15.20
43.10
12.70
25.60
12.20
41.50
42.70
14.90
14.90
10.50
40.30
14.20
39.70
28.10
39.90
14.80
15.00
32.60
12.40
10.80
26.90
19.00
43.20
14.70
32.40
21.50
26.20
36.50
15.50
28.90
12.00
40.30
21.10
18.80
37.20
27.50
34.00
14.10
16.80
43.60
28.20
41.50
36.50
44.20
31.40
13.00
34.90
39.30
35.30
12.00
44.40
14.60
42.80
15.30
42.90
42.10
37.80
33.80
38.90
30.40
19.80
23.00
41.80
13.70
10.90
42.60
32.20
23.60
17.70
14.30
41.20
44.40
33.60
30.00
37.40
26.90
14.50
26.80
31.30
13.30
41.00
29.60
13.50
28.00
22.40
36.70
17.20
15.80
17.30
42.40
22.00
14.90
44.10
41.60
15.30
39.90
12.00
40.00
33.60
15.60
15.70
22.70
18.60
17.70
35.90
14.70
23.00
28.60
25.80
29.30
37.30
38.00
34.10
19.10
29.60
18.70
28.40
32.60
25.10
28.80
30.50
36.40
14.10
16.30
26.80
17.20
14.20
31.70
33.00
40.70
19.90
41.60
27.00
20.20
43.30
36.10
11.00
11.80
21.50
17.10
18.10
18.00
23.90
16.10
40.30
28.20
17.20
22.50
10.40
10.70
43.10
42.80
39.60
21.90
41.10
15.90
13.50
42.10
24.50
40.70
34.20
17.00
28.30
20.10
25.00
38.90
10.10
37.80
33.70
19.70
27.40
22.50
16.30
29.20
32.20
10.50
27.80
18.00
12.30
36.70
28.10
22.50
21.60
14.50
42.20
43.90
17.70
17.90
12.70
30.70
34.30
14.40
34.80
25.30
21.00
37.20
25.20
29.90
40.30
37.50
28.80
35.10
26.50
20.80
31.90
31.60
18.40
12.50
42.80
34.40
29.10
41.00
36.00
20.90
30.70
24.30
29.10
40.00
31.90
43.50
33.80
43.30
43.50
14.10
23.20
30.60
23.80
17.10
24.50
11.90
31.60
38.70
38.40
29.30
30.20
25.90
22.40
34.70
26.90
43.40
41.60
43.30
41.90
11.80
20.60
26.70
35.40
39.80
30.90
43.70
43.80
27.30
40.20
30.40
38.20
25.90
33.80
33.40
16.30
14.50
24.20
14.80
19.20
29.70
23.30
23.90
43.30
32.30
16.30
28.50
20.60
20.80
29.10
16.00
18.80
44.30
44.20
14.40
10.30
39.00
12.00
19.70
28.30
18.90
27.60
31.10
40.10
13.10
44.20
44.60
45.00
17.30
27.00
22.60
43.80
24.50
38.40
12.50
18.60
44.40
16.50
42.90
36.20
13.10
37.50
17.00
17.40
41.60
27.20
34.80
14.90
27.70
40.50
24.40
32.70
22.40
43.80
30.70
16.30
29.20
37.50
13.40
41.90
38.40
43.10
31.30
43.40
41.20
34.70
19.30
11.10
31.70
21.90
44.40
25.50
28.10
38.50
37.60
36.80
30.00
13.00
17.70
31.40
28.40
41.50
36.40
17.70
16.10
34.30
26.10
42.60
19.90
22.80
31.60
36.80
16.20
21.50
31.40
20.60
19.60
21.90
41.70
11.40
28.40
16.80
31.50
31.60
17.10
12.00
32.40
40.50
10.00
44.60
32.50
26.60
17.30
15.80
19.00
26.50
26.60
15.00
38.80
10.60
16.20
35.80
34.10
22.60
40.60
42.40
16.60
33.40
37.60
15.40
24.70
14.50
31.20
13.30
27.20
14.90
16.30
35.60
21.80
25.10
27.10
36.40
11.60
35.80
25.80
12.60
29.70
12.50
36.20
17.90
12.70
20.50
40.00
10.90
17.00
28.80
31.10
36.40
36.70
29.20
33.30
13.30
13.70
20.10
21.00
32.50
40.00
39.40
27.80
14.60
34.80
28.30
10.40
18.80
29.40
23.70
25.30
21.00
37.00
42.20
36.30
40.00
12.50
20.10
20.80
43.60
27.00
44.10
38.70
10.30
17.20
20.20
37.80
11.90
15.40
41.70
43.20
37.90
43.20
19.70
10.20
35.40
40.50
40.40
20.30
32.40
18.40
40.80
21.20
16.50
19.50
12.30
40.70
28.50
23.30
13.20
38.70
39.40
37.90
24.50
10.80
36.60
32.70
29.90
12.80
25.00
34.10
41.80
41.70
30.60
24.20
26.70
21.50
43.90
14.80
21.20
39.70
18.90
29.50
34.50
38.20
33.60
23.50
19.20
36.00
18.50
32.00
24.90
16.80
44.00
11.70
41.00
17.60
26.70
44.80
27.90
22.10
21.10
20.80
11.50
37.20
42.80
34.30
33.30
14.50
38.00
39.50
10.40
29.90
35.50
28.90
22.50
24.00
43.90
16.30
18.20
13.20
23.50
11.00
31.80
40.90
33.60
13.30
13.40
26.20
32.40
33.30
12.30
17.60
12.10
39.40
29.40
29.20
22.20
42.50
35.10
22.50
42.20
32.30
20.10
11.70
18.80
10.80
28.70
40.30
25.10
22.40
14.70
33.30
26.80
24.00
36.90
39.60
41.20
14.30
32.10
26.80
19.80
22.10
23.40
31.30
35.00
37.50
42.40
11.00
39.80
19.40
34.80
23.60
35.50
20.90
35.20
32.50
26.00
25.30
37.40
24.90
32.20
38.00
34.80
21.70
37.80
36.90
24.60
15.30
27.70
11.80
36.90
12.20
35.70
21.20
43.90
11.90
43.80
42.20
40.90
44.80
23.50
17.20
15.70
34.10
43.80
26.20
22.60
43.30
23.50
30.60
17.80
42.00
19.20
12.70
14.60
39.90
43.90
18.90
16.90
31.30
11.00
29.90
38.00
21.50
14.90
17.40
30.10
22.00
25.70
32.10
23.60
42.20
30.00
39.10
27.50
25.80
15.50
43.60
42.00
25.30
16.10
33.30
33.90
28.20
35.20
10.80
42.20
39.50
28.60
27.80
15.30
14.50
24.40
16.90
30.40
35.00
10.40
16.00
39.20
44.90
26.50
19.30
25.20
16.30
44.50
40.50
17.90
35.00
44.30
15.60
22.40
44.40
41.30
42.70
21.60
20.60
25.50
38.90
11.30
24.50
30.50
12.30
31.30
21.30
41.50
20.40
24.30
44.10
20.70
19.70
37.40
13.80
18.90
11.60
33.60
43.90
41.20
15.20
19.80
29.30
10.10
42.00
34.90
12.90
42.60
28.40
38.00
24.30
21.80
27.10
15.10
39.30
19.70
39.00
18.00
39.80
40.70
12.00
19.70
38.90
44.60
21.80
23.60
13.70
28.30
40.60
43.40
24.50
17.10
13.50
39.20
24.30
21.00
28.30
21.10
29.40
20.90
27.60
24.00
28.10
28.90
41.00
11.10
18.50
18.20
40.00
25.40
11.00
43.00
41.20
26.20
32.10
35.70
41.10
20.00
27.90
19.20
30.30
11.60
24.40
40.80
11.20
33.40
33.10
28.80
33.60
26.30
31.80
14.90
12.50
40.20
17.90
37.10
19.40
26.20
38.90
43.60
12.60
42.70
19.20
10.10
14.70
25.40
31.60
13.40
10.70
23.40
22.10
12.50
28.20
33.60
29.40
23.40
24.80
24.10
14.10
31.40
39.20
26.30
28.30
31.90
10.70
22.50
26.90
33.80
24.00
32.70
22.60
36.40
24.50
35.10
38.00
29.10
36.00
20.80
31.50
44.30
13.70
14.00
15.20
34.10
37.70
11.80
34.60
26.70
24.10
42.00
13.40
29.60
31.10
43.00
31.90
40.50
23.00
37.70
18.40
17.60
33.50
28.00
43.20
25.80
40.80
37.50
19.10
34.60
21.80
24.60
24.70
28.60
29.60
18.80
21.80
42.70
28.80
10.00
34.10
24.50
31.30
33.70
16.60
32.90
39.70
33.60
30.60
31.20
25.50
14.70
22.30
26.40
17.80
21.10
11.60
23.90
17.90
44.70
15.40
17.00
27.30
18.60
18.70
17.90
25.40
10.40
14.40
10.20
10.30
18.20
24.20
10.50
21.10
12.30
16.90
18.60
18.20
32.10
35.70
29.30
34.10
28.00
26.00
24.40
34.90
19.40
10.00
20.20
10.70
18.40
20.40
12.30
37.60
31.10
25.70
22.00
40.10
42.00
19.30
38.90
12.80
20.80
15.80
37.30
42.70
38.00
35.40
16.10
14.00
20.50
28.40
29.70
29.90
40.30
32.20
38.40
14.80
19.50
14.00
27.40
42.70
14.50
23.80
28.40
37.90
36.40
29.20
23.30
18.30
24.10
31.60
25.40
37.60
13.90
40.10
36.50
28.20
20.50
25.80
24.80
14.10
25.30
27.90
40.50
16.20
29.90
37.70
41.00
19.00
29.80
26.60
16.40
30.50
34.30
20.10
43.00
12.80
34.70
17.60
39.00
44.50
40.20
10.60
41.60
25.40
28.80
20.50
18.30
12.10
15.20
44.80
33.80
40.10
25.80
26.30
26.40
33.10
43.40
12.30
37.40
15.10
40.40
40.60
12.00
42.40
21.50
15.50
36.80
37.80
10.80
41.20
31.60
30.50
27.50
41.50
26.20
34.90
25.50
36.60
32.80
34.20
31.10
11.60
36.50
42.80
28.10
42.60
13.00
30.80
18.90
24.20
10.50
41.10
18.10
16.90
16.00
13.30
24.40
12.00
26.30
26.40
26.70
37.70
43.10
36.60
26.30
28.60
44.20
13.30
11.20
43.30
27.90
32.40
13.90
31.90
34.10
26.30
31.70
18.50
26.50
36.20
28.00
15.80
20.80
29.90
30.80
13.80
38.40
11.40
11.70
29.70
19.10
17.20
10.50
34.40
42.80
15.90
43.40
35.00
31.20
35.60
22.70
37.30
40.00
24.60
25.20
27.40
43.40
25.40
28.10
15.40
44.10
30.40
19.00
12.90
41.20
29.10
42.40
44.40
10.70
11.20
25.10
28.10
24.70
32.10
20.10
31.20
15.80
16.10
15.20
44.80
32.20
17.10
14.90
26.60
22.10
36.10
36.70
25.00
26.80
16.70
22.70
33.20
30.20
11.40
28.50
44.20
22.20
33.60
42.00
42.50
22.90
23.10
18.90
38.90
19.90
10.10
32.90
31.90
38.20
21.10
14.90
12.30
30.30
44.00
33.20
25.50
27.80
40.00
22.10
29.60
37.50
21.60
19.50
44.40
33.60
42.70
28.50
30.10
21.30
24.60
16.40
42.20
18.30
17.80
14.80
29.60
25.20
32.70
32.60
11.80
43.30
39.20
16.70
30.70
36.60
31.20
41.90
35.10
26.70
11.90
25.00
24.00
30.30
39.10
40.40
44.70
21.20
16.30
39.90
37.20
20.50
18.00
21.10
34.90
25.70
34.10
44.30
27.00
29.30
26.10
23.70
35.40
39.30
38.70
15.70
30.60
28.60
38.10
37.90
26.50
15.60
40.20
44.80
11.60
29.70
24.30
11.00
42.00
11.20
44.10
20.60
38.30
38.70
44.90
15.00
42.50
12.20
19.70
26.70
30.60
24.50
27.90
24.30
35.00
38.30
35.30
38.10
27.40
37.60
40.00
26.60
26.80
39.00
27.10
33.90
12.30
38.40
36.40
39.90
18.40
23.80
24.70
30.70
27.30
22.10
22.80
41.80
24.30
31.50
30.40
10.00
39.30
31.00
10.20
18.50
26.80
17.00
39.90
39.00
33.40
29.10
11.80
12.00
14.00
33.50
19.70
33.30
37.10
15.10
18.40
16.30
36.60
34.30
23.50
36.00
15.20
42.10
20.40
11.70
28.90
35.60
39.40
34.80
44.90
32.60
44.00
18.50
34.90
18.80
34.10
13.10
39.70
43.30
38.40
28.00
38.10
35.50
27.40
20.50
31.60
37.20
25.70
14.40
11.90
44.30
41.50
27.40
24.10
43.00
42.80
35.60
43.90
41.00
11.20
19.80
42.20
20.40
20.30
37.60
26.90
33.50
17.60
33.30
27.80
21.70
26.60
17.90
28.80
40.50
30.10
21.30
18.80
19.20
38.40
26.50
36.50
14.40
24.70
18.00
18.00
15.40
32.90
21.90
22.60
10.70
26.20
24.50
28.00
37.40
36.30
28.90
32.00
14.70
17.00
18.10
24.80
44.70
24.80
16.90
31.70
20.30
24.20
27.10
20.90
39.90
13.10
41.10
16.80
35.50
30.90
38.20
38.80
28.80
17.40
24.60
44.20
16.60
14.80
26.60
36.50
10.10
14.10
19.60
18.20
14.10
15.40
10.60
39.70
21.90
21.10
13.20
25.90
38.00
28.40
36.20
24.70
18.20
17.60
14.40
41.30
36.70
43.50
30.80
21.60
10.00
43.50
10.20
15.30
12.60
25.00
36.20
13.70
12.10
11.30
35.20
43.20
27.00
31.50
12.00
21.20
35.20
27.90
27.30
33.20
44.30
31.80
22.50
38.60
35.60
13.10
12.90
26.60
15.20
22.90
43.60
10.30
41.30
16.80
36.40
27.30
39.90
13.30
15.70
36.60
13.70
39.90
33.70
34.10
22.20
22.10
31.70
42.90
15.00
18.40
23.10
20.90
18.40
27.50
42.30
10.20
21.60
43.30
14.20
25.90
15.30
24.80
32.70
39.10
42.90
20.90
20.80
11.60
41.40
44.30
37.80
33.40
29.40
20.00
34.10
11.40
21.20
42.50
42.80
21.60
21.30
18.70
18.00
12.80
33.30
19.90
23.70
13.40
17.00
40.70
26.60
41.50
35.60
24.40
34.90
35.10
43.50
20.30
23.30
28.00
29.10
14.00
43.50
12.80
28.80
39.20
16.10
17.90
24.50
30.20
25.00
30.90
23.80
24.60
32.20
19.50
26.10
29.10
39.70
10.50
40.70
24.00
24.80
20.90
44.10
12.40
14.00
27.30
14.70
43.10
16.30
26.20
44.70
22.00
41.30
41.70
33.40
10.20
28.70
36.40
38.90
41.80
30.10
22.30
44.60
29.20
25.00
17.30
18.30
23.60
41.80
37.60
34.40
12.70
15.90
40.10
22.50
40.70
30.70
16.30
27.20
13.00
35.70
43.40
44.10
16.80
41.10
36.40
16.30
30.30
25.50
44.20
36.10
35.10
29.80
19.40
27.30
15.00
16.90
31.50
13.80
27.10
19.10
37.90
20.50
37.40
16.30
22.90
40.40
20.20
20.30
34.20
44.70
30.40
21.60
24.00
13.60
44.30
23.80
16.40
23.80
23.70
20.90
19.00
11.30
16.30
32.20
41.40
24.30
26.40
21.30
42.60
31.60
14.60
10.30
11.40
22.30
42.70
38.10
36.20
39.70
44.20
38.30
32.70
41.10
10.40
33.40
42.90
34.10
31.30
24.90
10.60
20.00
16.80
41.20
27.10
22.50
22.90
43.10
34.50
11.20
17.80
35.80
25.00
34.30
22.40
11.10
43.90
13.10
21.00
33.40
36.20
40.30
21.40
36.10
28.50
26.60
42.90
40.40
24.60
32.40
27.20
20.50
29.90
28.50
41.80
11.90
16.50
35.70
42.30
44.40
31.20
36.70
23.30
20.60
26.90
44.00
31.00
40.60
17.60
12.50
11.90
44.10
19.10
31.30
19.50
29.50
39.30
27.90
26.70
18.70
42.10
29.90
20.30
40.60
36.00
19.90
12.50
37.60
31.20
14.10
26.70
21.00
19.10
42.30
43.70
31.40
24.90
12.00
19.30
11.30
30.60
35.90
45.00
44.70
16.50
28.80
35.70
23.70
21.80
21.40
22.80
18.90
23.50
17.40
36.60
44.00
29.00
38.10
14.90
11.80
19.70
11.60
34.50
41.30
29.10
42.90
32.80
31.80
40.60
36.20
26.90
10.90
10.30
28.00
42.90
29.10
24.30
43.80
25.70
38.90
18.20
39.80
27.70
37.20
28.10
19.20
45.00
39.10
40.20
23.00
10.10
19.30
21.60
31.70
38.90
18.00
38.20
23.90
38.30
17.20
10.30
15.40
21.80
10.90
31.00
26.40
19.20
19.00
34.80
33.00
40.70
34.80
22.60
11.50
41.80
43.90
26.40
43.10
40.10
34.40
19.90
27.70
44.80
30.20
23.50
27.10
39.20
18.10
28.50
19.00
36.10
17.70
26.70
17.00
13.30
23.80
29.20
14.80
26.30
28.40
42.90
24.20
17.50
40.80
34.80
19.20
43.30
44.50
43.00
27.10
31.20
40.60
38.00
13.50
40.10
14.90
34.70
27.40
26.80
42.50
25.00
43.30
27.10
15.00
29.40
18.90
39.70
13.70
40.20
42.20
23.70
31.50
19.50
17.10
32.60
25.40
18.10
44.10
25.40
31.40
14.40
13.30
26.30
17.90
26.90
18.40
23.30
38.10
29.20
14.80
17.20
16.90
36.00
16.30
30.80
21.60
29.40
12.20
32.10
18.60
24.60
32.10
17.80
19.80
12.70
45.00
11.80
39.30
15.00
26.90
33.40
39.70
36.90
10.00
10.00
44.30
13.80
15.60
34.10
19.70
15.50
22.40
35.50
31.00
32.80
25.60
22.40
17.90
34.30
10.80
22.60
24.20
38.50
36.00
37.00
34.30
27.50
23.00
39.30
11.40
25.50
17.00
35.70
27.90
20.30
13.80
19.80
18.00
33.10
23.40
32.80
19.30
35.60
15.40
34.40
19.80
45.00
13.30
22.30
12.00
40.30
13.60
40.30
22.70
43.20
31.50
31.40
19.70
23.00
11.20
26.80
19.50
11.30
32.00
33.80
32.70
44.90
42.60
35.30
33.80
29.70
20.00
26.70
19.40
39.50
36.00
40.30
34.00
38.70
36.60
16.40
20.80
40.00
14.70
41.20
33.90
30.50
17.50
34.10
21.30
35.70
40.60
40.50
28.30
35.90
16.40
22.40
35.10
40.30
34.30
38.30
15.80
23.10
18.70
29.10
43.80
17.70
20.20
20.30
44.50
31.50
28.10
20.20
17.10
43.20
12.60
19.50
22.30
33.40
31.70
24.80
29.40
40.90
16.40
32.10
23.00
11.70
29.50
22.60
10.50
35.50
27.60
22.50
11.20
28.40
29.80
17.70
39.50
10.00
13.50
17.70
26.50
34.80
32.20
23.30
17.40
42.30
40.50
17.00
40.90
44.20
36.50
36.50
40.60
18.90
16.90
15.50
35.50
10.10
25.50
40.10
15.40
23.70
23.40
32.80
44.70
19.80
25.30
36.50
30.00
30.40
12.40
34.30
22.30
20.80
16.50
12.90
20.70
12.20
18.80
13.80
29.20
44.50
28.70
44.00
17.70
12.60
13.00
28.20
18.80
12.50
39.50
14.40
28.20
40.60
39.50
26.40
19.60
33.00
13.10
12.90
34.50
31.20
34.20
16.40
34.40
26.40
37.20
15.50
19.30
39.30
32.80
20.30
30.10
33.20
35.60
22.30
15.70
39.90
10.90
40.10
16.20
24.20
41.40
31.00
40.50
17.40
13.10
14.40
14.20
43.50
15.50
33.20
24.60
32.20
35.90
39.30
29.30
18.40
22.60
14.90
45.00
20.80
23.60
33.20
32.80
25.10
18.00
20.90
21.10
25.70
18.90
43.20
10.00
42.50
23.10
20.60
31.50
20.30
28.60
26.60
41.00
20.80
27.40
20.10
11.80
32.30
37.00
32.70
19.60
38.40
16.80
35.70
30.00
14.80
20.40
32.00
31.70
39.40
42.00
40.70
22.30
31.60
42.00
13.80
13.50
21.50
11.00
32.00
30.70
41.40
17.70
18.30
41.20
18.40
31.70
10.00
43.60
18.80
32.00
28.20
20.90
23.30
25.30
30.10
39.90
16.40
27.80
30.30
29.40
15.70
43.40
10.30
36.30
14.70
39.70
12.60
36.60
26.60
37.70
21.20
21.20
34.60
33.20
39.10
13.50
20.30
19.10
43.60
39.10
35.30
33.90
20.10
14.60
30.20
15.30
31.40
10.00
23.80
11.40
18.60
29.60
39.70
17.40
12.00
15.20
25.50
37.30
17.30
19.50
39.40
43.30
28.40
20.60
37.60
41.50
35.90
12.60
16.70
13.30
41.50
13.70
27.70
26.70
44.40
21.10
34.90
32.20
21.90
20.30
11.10
35.10
28.80
37.60
38.50
29.50
14.20
43.30
18.10
19.50
20.70
15.60
28.90
40.20
23.90
21.80
29.70
44.00
19.30
15.90
10.70
43.20
22.60
10.60
20.30
27.50
40.10
43.80
38.60
31.90
41.40
15.40
24.80
13.60
20.90
27.10
16.50
14.30
27.50
11.40
18.90
43.00
15.70
22.70
10.10
11.60
28.50
27.20
31.70
17.50
18.90
30.30
33.20
43.60
20.20
25.20
38.70
24.60
12.80
31.70
34.40
42.60
26.80
24.20
21.20
11.10
17.40
29.20
39.00
22.70
15.60
40.50
23.60
18.60
22.40
20.00
14.30
20.90
26.50
34.30
14.00
12.30
24.40
36.40
36.90
12.70
10.70
31.00
34.10
38.80
29.10
24.40
14.40
11.10
34.60
23.00
42.90
43.30
30.80
35.80
10.40
42.60
33.90
16.20
31.20
20.80
32.80
33.70
36.10
21.10
23.70
13.10
33.00
11.30
44.90
22.80
35.50
29.70
41.10
28.10
17.40
25.50
18.60
39.50
11.00
42.10
27.60
23.70
22.80
32.40
25.60
37.60
31.70
43.30
21.60
39.60
13.80
11.00
23.20
19.90
19.10
25.90
22.10
33.10
14.90
13.40
29.50
28.90
35.50
15.90
13.30
28.80
36.80
39.60
18.90
22.50
36.70
20.20
33.40
13.90
42.50
10.30
40.00
31.40
41.00
10.50
42.50
12.30
23.30
19.70
33.30
29.70
12.70
24.90
44.40
33.20
35.60
44.40
12.90
43.70
10.30
26.60
12.20
10.60
12.80
44.60
23.30
15.70
17.50
43.00
17.10
18.80
39.00
30.40
22.00
16.70
18.40
33.50
22.70
27.50
31.20
37.10
34.20
17.70
26.90
43.10
28.50
20.50
16.00
43.40
36.40
44.00
39.50
16.50
20.10
42.20
28.00
31.10
25.00
11.50
22.70
41.80
10.00
25.20
25.70
25.60
15.60
28.00
37.50
39.00
16.30
33.50
15.50
42.50
24.80
23.00
28.70
31.90
41.50
35.60
30.10
29.60
30.40
24.10
44.00
26.10
40.00
22.00
14.80
27.80
21.00
42.60
24.90
22.10
29.70
39.40
38.50
12.80
37.60
31.00
10.30
37.90
18.00
43.50
23.00
27.80
40.40
22.70
33.80
22.70
29.40
10.50
34.70
29.50
32.40
13.90
24.90
26.70
23.00
27.70
11.30
15.50
19.40
20.20
26.10
37.50
36.50
38.00
12.70
27.80
26.90
40.00
25.80
13.00
42.10
14.70
10.10
19.20
25.30
32.60
23.40
35.10
41.40
29.80
11.20
40.70
22.00
43.50
34.20
18.30
15.60
19.50
22.80
40.60
30.10
29.10
12.90
44.80
35.10
23.70
14.90
26.30
33.40
34.90
32.90
36.20
33.80
10.80
35.30
22.20
19.70
27.70
22.20
17.20
19.00
44.70
13.70
26.60
30.30
42.80
29.60
40.20
45.00
36.00
39.20
19.30
35.80
29.00
38.10
28.70
27.80
20.90
38.30
34.00
25.70
10.00
26.50
27.60
18.20
41.70
19.30
31.50
20.60
23.30
41.00
32.10
19.50
14.70
19.20
15.10
25.10
19.20
11.80
12.20
31.00
29.80
33.80
44.70
33.90
10.30
29.30
12.10
37.80
16.70
35.20
26.60
18.10
40.00
42.80
14.20
28.70
23.80
38.70
26.30
26.60
24.20
22.90
22.00
20.80
38.30
24.30
16.70
23.80
10.60
36.30
34.00
10.10
14.80
12.50
26.80
41.20
16.80
40.70
12.40
31.40
26.90
44.30
29.40
34.00
40.50
16.80
20.30
27.80
18.20
23.60
41.60
12.90
11.00
12.50
13.10
27.60
25.50
21.10
44.30
16.10
17.90
23.10
26.90
12.80
11.70
36.60
20.20
38.60
37.40
25.90
33.60
36.90
29.00
20.00
12.80
44.60
16.60
16.70
37.30
35.30
11.00
33.00
27.00
44.80
14.00
22.00
10.40
36.60
27.10
15.90
34.90
35.70
42.80
11.00
34.60
17.30
27.90
43.30
19.30
24.30
42.20
12.30
14.50
26.20
14.00
25.30
22.80
30.50
14.50
11.30
14.80
24.20
20.40
15.00
10.90
29.20
38.00
43.20
36.10
28.10
13.30
19.50
44.90
27.20
34.60
24.10
32.20
17.90
38.90
41.50
25.90
34.00
43.10
35.90
36.70
19.60
18.60
31.30
35.70
11.30
37.90
37.60
32.70
39.80
42.70
36.60
44.00
28.60
17.90
16.20
16.60
27.10
29.10
24.50
21.20
11.20
29.70
36.90
22.70
26.30
44.30
14.90
41.30
40.60
31.00
36.60
41.70
12.80
25.90
38.80
13.10
11.00
35.60
35.50
20.80
26.90
16.50
42.90
38.50
28.20
13.40
11.90
11.30
41.70
42.80
23.70
23.20
10.10
19.50
40.50
27.20
28.30
39.30
20.40
28.70
44.40
32.80
32.20
40.40
37.80
25.00
39.60
37.20
23.20
13.20
25.60
13.70
30.40
18.70
32.00
24.70
39.10
11.70
40.20
31.20
28.40
12.70
16.30
19.90
25.10
39.80
23.70
15.30
19.90
30.80
22.00
40.00
36.20
22.30
32.20
38.10
37.60
12.30
41.50
22.00
40.20
17.50
39.90
31.00
31.80
11.90
16.10
25.60
22.30
38.40
16.50
10.00
32.40
12.90
33.50
27.40
34.90
11.40
36.60
33.50
31.10
35.70
14.80
13.10
40.50
29.60
28.10
13.00
34.50
33.90
13.80
41.50
17.60
29.50
10.20
21.20
28.60
26.30
28.30
29.00
14.40
43.50
33.10
11.40
40.60
28.80
36.10
41.20
20.60
33.10
33.50
14.40
24.80
10.80
19.00
16.20
15.10
17.30
18.30
33.30
33.60
19.80
37.50
37.40
17.10
36.20
23.70
18.20
13.20
31.00
38.20
33.40
23.40
38.60
22.50
43.60
26.30
20.80
34.10
20.70
10.60
11.60
11.90
24.30
21.10
30.20
40.40
33.50
35.10
13.60
33.00
38.90
35.30
20.40
18.10
27.10
11.90
34.50
34.20
10.40
24.60
30.20
22.20
39.50
31.80
44.40
37.20
11.10
27.10
43.20
26.40
44.90
32.90
42.40
33.10
14.40
12.20
34.00
17.50
27.00
28.00
15.90
21.70
36.80
42.90
12.10
17.90
29.80
40.80
44.30
42.70
24.00
16.30
25.10
32.00
24.60
38.10
21.30
35.70
42.70
39.00
20.00
42.30
40.80
30.90
37.60
17.50
42.50
21.20
33.00
37.50
39.90
19.80
34.80
18.60
35.00
19.20
20.90
19.30
22.50
29.70
27.80
19.90
14.70
35.30
13.20
20.10
43.20
44.00
27.80
41.10
27.10
39.40
41.90
24.10
39.50
10.20
42.30
38.00
32.50
20.60
30.80
18.40
44.40
25.10
24.40
24.60
22.90
25.40
35.30
17.70
30.10
11.90
42.80
10.60
19.20
21.80
39.60
16.30
25.40
10.10
38.60
31.50
12.60
38.60
39.30
35.90
44.60
24.40
16.80
18.00
21.20
35.60
40.30
34.90
41.70
39.10
34.80
28.50
12.40
15.10
28.80
35.90
27.30
21.00
17.40
36.10
14.30
11.00
12.90
42.40
39.90
34.90
30.70
15.60
14.90
27.10
33.90
24.40
37.00
43.70
30.80
10.10
22.00
22.00
23.50
31.00
12.20
22.80
43.60
35.50
10.00
22.80
15.10
28.00
30.90
23.50
34.60
20.20
10.10
32.00
31.90
42.60
22.00
25.10
26.50
28.40
10.10
11.20
25.00
32.30
19.70
19.20
38.10
33.20
22.90
36.00
15.10
22.30
23.50
42.40
16.10
12.50
44.20
14.60
42.90
34.80
15.20
39.60
19.30
37.80
20.60
19.10
26.50
41.80
37.60
40.80
27.40
20.80
24.90
41.70
16.50
12.40
17.50
12.90
13.00
14.90
36.20
16.50
40.60
19.80
38.20
16.20
14.20
35.40
38.30
41.20
18.00
28.30
39.90
45.00
12.70
29.20
21.80
14.30
11.40
25.80
11.70
29.00
42.30
28.60
29.50
15.40
38.90
15.40
38.10
23.60
41.30
13.40
26.70
18.00
29.10
44.00
35.10
17.80
20.70
17.40
29.80
17.30
25.20
24.20
31.40
30.60
28.80
40.70
17.90
34.60
11.30
22.10
13.70
31.10
37.50
28.30
31.30
25.00
36.80
31.10
35.50
31.60
29.30
42.70
24.60
42.20
24.20
42.80
43.00
13.30
40.30
14.50
37.20
14.90
13.00
33.90
19.10
20.50
10.80
43.70
36.50
18.80
26.10
27.90
30.90
14.60
41.70
43.60
31.00
22.60
16.90
20.20
12.70
12.50
36.60
13.00
35.20
26.10
26.60
39.70
30.50
12.60
28.70
32.30
11.40
15.20
43.40
28.30
37.20
38.30
17.90
40.70
22.60
10.60
29.60
11.80
40.40
22.80
42.90
17.30
21.20
24.90
26.20
28.10
25.30
39.50
30.50
20.80
42.10
38.70
41.60
31.20
35.10
31.20
23.00
14.30
37.50
23.90
34.00
40.60
38.90
41.40
35.60
39.60
15.40
24.70
36.40
43.20
34.50
23.30
14.70
42.40
43.30
17.10
14.40
19.80
29.80
27.50
13.50
30.00
15.70
11.50
18.30
38.60
33.40
24.70
25.30
35.20
40.00
29.10
42.90
22.00
29.70
31.70
14.80
26.30
31.00
33.20
36.70
11.00
12.10
13.80
21.10
32.90
35.20
44.60
25.50
32.30
39.30
21.50
43.30
41.40
22.20
19.60
29.90
19.90
35.70
11.90
22.70
10.80
19.20
43.40
34.10
44.70
13.70
28.00
27.30
28.20
19.20
40.40
29.20
14.50
37.00
44.20
41.30
37.90
40.10
40.50
22.50
16.50
36.50
22.90
15.60
17.70
12.90
14.60
34.40
18.60
22.90
15.10
42.60
25.70
10.60
17.00
34.90
28.80
18.20
24.70
40.30
22.90
15.10
22.60
22.10
34.70
12.00
37.40
11.10
13.50
20.80
28.30
31.40
10.90
34.90
29.30
45.00
28.80
22.30
32.60
21.70
11.30
20.80
35.60
35.60
15.30
35.10
10.20
38.10
11.60
38.30
35.10
32.30
41.20
32.00
37.20
25.30
15.10
17.30
26.30
25.00
39.60
35.60
34.10
24.00
14.60
16.20
41.30
36.30
16.50
35.10
26.10
19.30
12.70
35.40
26.30
44.60
37.40
17.10
15.90
35.60
40.80
36.60
19.30
30.60
40.10
27.50
33.60
21.00
25.70
14.20
38.50
35.10
19.60
39.80
35.70
42.40
24.90
31.90
16.10
39.80
24.10
44.10
23.90
38.70
29.90
21.10
44.90
16.90
37.80
18.40
43.80
11.40
26.60
32.90
13.70
22.00
41.80
21.60
11.10
17.90
21.40
26.00
33.40
34.10
23.40
15.60
37.70
11.80
11.30
16.30
26.90
16.80
24.10
17.80
35.70
40.40
44.40
12.30
37.60
25.90
12.40
17.50
15.40
40.30
19.10
40.80
17.90
27.40
42.50
29.70
22.70
11.40
35.20
31.40
38.10
36.10
42.10
18.20
36.60
24.30
20.10
23.20
11.30
36.30
32.80
12.10
12.90
36.40
36.50
26.80
31.90
33.30
10.40
41.10
41.00
28.70
20.10
14.50
10.30
21.50
33.30
26.00
34.60
10.10
16.80
25.20
10.60
28.30
31.20
12.80
39.40
18.50
12.90
24.60
11.60
34.00
42.60
26.30
36.40
24.00
39.30
32.00
34.30
41.80
25.20
34.50
34.10
40.50
32.10
28.80
17.00
13.50
31.90
14.70
21.50
42.60
31.20
36.40
33.00
30.00
32.30
10.60
24.40
29.20
37.80
15.80
39.90
27.90
20.00
14.10
12.50
43.30
22.10
15.20
38.50
45.00
22.40
23.40
13.30
32.50
30.20
15.90
26.00
30.80
36.50
31.00
20.60
28.50
21.60
21.30
34.00
39.80
11.90
19.30
37.20
25.70
21.80
32.90
27.70
35.70
16.10
41.00
24.20
35.70
23.20
35.30
22.50
41.10
20.90
18.10
14.50
44.40
28.40
21.40
41.70
32.00
23.40
39.00
13.60
11.50
20.60
34.70
38.30
15.70
34.10
19.90
13.40
42.30
33.00
23.00
34.00
14.90
37.80
42.60
14.30
40.10
41.90
31.70
11.20
22.30
11.40
24.70
39.30
18.70
12.30
22.00
38.30
39.50
10.00
32.90
41.40
36.00
43.90
26.60
28.00
31.20
35.30
21.50
28.10
32.20
13.60
12.10
38.80
19.10
26.10
41.50
42.60
21.10
17.70
15.80
44.60
14.40
22.60
41.80
41.00
25.50
31.40
21.90
12.10
32.10
44.70
17.90
19.90
45.00
28.20
15.90
22.20
14.20
30.00
17.00
41.50
12.90
15.50
30.20
23.10
35.80
20.50
39.10
43.50
13.00
23.70
44.70
35.80
21.50
31.00
27.10
43.80
28.10
29.20
13.30
29.70
32.30
24.40
18.90
27.70
35.50
37.90
42.60
10.20
40.80
13.40
36.00
14.20
42.60
23.80
41.00
19.60
43.90
25.20
26.20
42.40
11.30
43.50
28.20
36.90
22.80
34.50
27.70
29.70
12.30
17.90
28.10
15.20
23.30
21.00
33.90
24.80
40.00
43.10
28.80
12.20
31.30
12.30
20.00
23.30
38.30
16.50
43.40
16.80
19.40
40.50
33.10
43.70
31.70
10.10
39.00
18.00
14.40
16.60
35.00
15.80
41.80
41.10
25.10
11.90
27.40
13.20
10.10
14.70
18.60
17.80
22.50
14.60
34.80
13.90
28.70
10.00
25.50
15.40
18.70
25.30
33.60
36.00
18.30
23.60
44.60
31.70
17.90
18.90
15.00
36.90
36.20
23.80
39.90
24.00
21.70
18.60
19.10
27.40
33.70
29.00
22.30
28.60
20.40
10.60
10.90
41.10
14.90
23.70
23.60
28.50
32.80
12.30
26.40
23.00
35.20
11.20
43.90
37.80
41.90
39.00
42.10
17.80
12.70
39.70
36.10
36.50
17.10
34.70
19.30
42.40
28.90
26.40
44.10
26.70
44.30
21.80
25.10
25.20
39.40
38.70
19.70
35.00
24.60
41.10
16.00
21.20
22.00
31.20
20.20
27.70
34.90
30.00
33.50
25.30
13.50
14.80
24.60
15.90
34.30
36.20
33.90
28.30
20.40
28.30
23.20
22.00
24.80
11.50
18.20
22.20
28.50
29.60
24.10
29.10
10.70
17.90
29.20
43.40
33.80
16.70
30.40
13.80
28.90
26.80
17.60
38.70
28.20
16.40
13.90
33.90
12.00
13.60
27.70
21.50
41.00
27.90
18.00
24.10
13.40
30.70
12.40
34.80
35.10
16.50
14.30
20.50
42.90
20.60
19.60
33.70
44.40
22.10
15.20
31.20
12.90
11.40
14.20
39.70
35.20
16.80
12.40
27.60
41.20
39.60
30.70
20.50
38.30
15.50
41.10
42.90
19.70
43.80
31.20
30.70
36.10
44.90
12.20
13.30
40.40
13.30
20.10
34.90
38.50
27.00
34.90
43.20
32.60
44.50
44.30
10.20
17.40
38.20
15.90
30.70
18.90
36.70
37.60
42.10
17.60
35.20
16.90
11.90
18.20
19.20
25.50
39.20
34.50
21.70
14.90
23.20
28.30
39.00
42.10
33.70
11.90
37.80
18.80
28.60
20.10
30.00
41.20
22.70
28.00
23.10
15.30
10.40
33.00
35.00
38.60
43.60
33.80
24.80
13.30
34.90
25.00
17.40
15.90
35.00
16.10
27.30
24.40
31.10
23.70
38.40
29.30
42.10
40.30
26.00
43.90
40.80
25.70
29.90
22.50
33.10
13.90
12.10
25.80
29.70
44.50
17.00
23.10
40.40
29.60
16.30
42.90
26.30
20.90
31.00
44.60
32.20
34.70
15.80
40.30
15.90
12.10
40.80
34.60
33.20
12.40
39.60
31.00
33.70
43.50
22.20
16.90
19.80
10.50
36.40
41.60
10.20
36.80
35.50
26.60
25.20
41.20
16.80
23.80
23.80
24.10
43.70
17.00
22.10
33.10
37.00
18.40
35.10
43.10
24.50
17.10
33.10
38.70
12.70
12.30
15.10
34.90
16.80
13.80
22.60
17.10
40.40
11.60
15.10
26.20
19.90
43.10
40.10
33.70
11.80
13.80
36.40
29.10
40.10
42.10
29.10
14.50
30.70
31.20
15.60
17.60
31.80
35.50
22.90
37.60
25.60
14.30
22.20
35.80
23.10
39.40
34.70
13.70
31.60
25.10
31.60
20.30
17.20
11.40
17.50
21.70
20.40
25.90
13.00
30.80
40.90
13.60
11.50
40.00
36.70
32.10
40.50
21.30
26.90
15.90
12.40
12.30
35.70
15.20
35.80
14.20
34.40
17.60
18.90
19.90
26.30
20.90
34.40
40.70
13.50
29.50
23.20
33.70
34.00
39.90
38.00
24.70
32.30
19.20
42.50
20.90
20.60
10.20
26.30
25.60
34.70
10.20
11.60
43.60
15.80
38.80
10.60
44.80
33.60
26.20
19.60
40.60
38.10
23.90
40.60
22.70
39.80
19.40
40.40
30.10
27.90
22.80
43.10
30.10
20.90
27.90
19.60
14.30
15.70
44.50
33.50
25.80
27.50
37.20
12.30
14.50
23.90
24.40
17.40
37.00
44.80
30.50
22.30
23.30
15.20
43.00
14.40
14.00
12.40
20.40
25.80
33.60
13.10
31.30
12.40
16.30
43.40
25.90
39.20
12.90
40.30
29.50
13.20
30.40
24.70
42.80
27.40
17.20
19.00
21.90
23.70
40.40
16.00
29.80
26.30
11.40
23.70
17.50
22.90
21.10
37.40
31.50
16.60
24.80
38.70
35.60
18.50
43.50
38.80
11.10
40.30
42.80
25.10
15.80
14.90
37.90
37.30
15.70
35.60
22.20
29.00
16.50
24.40
12.80
39.00
13.20
20.10
24.80
15.50
28.00
32.00
22.60
23.00
22.90
32.20
14.80
16.90
33.30
24.80
14.20
38.70
28.80
34.80
19.40
33.70
42.20
28.90
16.20
29.10
14.70
11.30
29.10
35.20
29.50
33.80
35.70
20.90
27.60
18.10
44.20
10.50
35.60
12.00
42.00
42.30
34.70
27.00
15.20
23.50
31.00
22.30
13.70
20.70
37.30
31.60
36.70
23.50
42.40
21.40
10.10
24.60
40.70
20.30
10.50
30.30
34.60
16.40
12.30
22.50
19.20
43.50
34.20
22.60
21.40
12.80
31.80
22.60
44.20
30.30
28.70
17.40
14.00
33.40
41.00
13.70
31.90
16.70
26.30
12.90
34.20
24.10
27.50
39.10
30.80
14.50
26.80
27.20
43.50
22.10
22.50
31.90
40.50
30.50
36.40
18.20
42.80
22.40
13.20
13.90
23.60
10.00
32.20
36.40
29.60
22.40
27.90
22.10
41.60
38.90
24.50
19.30
17.80
42.90
20.20
21.90
37.80
24.40
14.10
15.30
16.70
12.80
37.10
28.50
44.00
30.10
44.80
25.80
14.00
38.70
38.60
37.70
11.00
42.10
20.80
30.50
12.70
39.00
43.10
18.50
33.10
12.70
29.00
13.80
28.60
23.80
44.40
42.40
37.30
27.50
21.50
45.00
42.90
33.80
14.50
22.90
20.50
15.40
25.40
38.10
29.60
17.40
24.10
39.60
24.50
25.70
30.10
41.80
27.70
36.40
12.60
39.10
27.30
29.10
38.20
15.30
17.20
44.40
33.80
21.10
39.00
23.60
37.20
37.00
13.80
23.30
26.70
30.80
18.80
18.90
13.40
26.30
16.10
27.50
28.30
38.70
38.40
15.00
27.20
44.70
33.30
34.30
18.70
11.00
32.00
22.10
23.80
29.80
13.50
32.10
33.10
34.60
38.40
16.10
43.80
35.80
14.90
30.40
41.40
22.60
21.60
20.10
12.00
16.80
17.90
38.30
36.60
22.70
36.00
15.30
26.60
44.00
20.40
15.40
29.10
12.30
33.10
29.30
12.60
33.10
31.90
38.70
11.00
21.10
36.80
33.80
23.80
25.90
36.40
18.00
39.60
37.70
41.00
37.40
42.90
33.20
21.10
38.00
14.70
24.90
43.50
31.00
21.10
31.40
18.00
19.20
27.20
12.10
25.30
34.30
17.80
17.40
43.80
29.20
15.10
28.50
25.30
14.30
42.20
23.00
29.60
10.30
17.60
33.90
40.20
10.90
40.80
22.20
39.40
16.10
24.30
39.40
17.60
10.10
36.70
40.30
39.80
37.60
29.30
44.40
27.20
25.70
37.80
10.00
24.60
26.80
38.70
42.00
24.70
25.10
19.10
30.60
17.70
19.30
40.60
15.90
31.40
34.40
27.50
12.40
13.70
29.10
11.00
10.90
19.90
27.40
33.70
33.90
31.00
21.10
16.60
15.20
32.90
11.50
27.60
23.90
26.20
33.30
19.10
28.90
12.00
14.40
32.00
10.40
44.80
34.90
42.80
10.60
31.40
37.00
17.50
28.90
11.80
20.80
26.70
15.70
37.80
36.90
44.30
29.60
15.20
42.70
44.70
14.70
28.90
17.30
23.70
19.50
25.70
12.00
21.90
37.90
36.10
40.30
37.20
16.90
19.20
28.30
32.20
26.10
33.60
40.60
23.10
35.60
35.90
35.30
25.80
30.70
13.70
41.10
13.70
32.30
21.40
31.60
31.90
43.00
35.00
15.60
31.00
41.50
32.00
15.90
17.90
13.20
38.50
37.30
10.60
39.70
19.90
43.00
19.50
15.10
24.90
35.20
43.80
42.10
20.50
15.90
26.30
20.00
12.00
30.10
27.30
22.00
26.70
17.50
23.20
10.90
12.10
37.30
19.20
17.60
25.20
22.70
29.90
28.70
14.20
24.20
29.20
44.00
39.90
40.00
15.60
44.40
42.40
16.10
43.40
41.00
30.40
37.90
34.50
33.80
33.00
12.40
10.50
32.30
35.00
28.90
33.80
26.60
35.30
14.90
15.00
42.20
17.10
15.40
11.60
12.70
13.70
42.00
27.50
44.20
27.50
43.70
34.90
16.20
37.30
43.80
13.50
28.50
43.80
24.30
16.80
33.30
13.40
36.20
28.80
19.00
14.20
43.90
18.30
40.30
41.10
15.50
18.30
39.50
33.70
39.30
17.60
16.40
12.90
34.30
17.70
12.80
37.40
32.10
26.00
19.60
34.50
23.20
27.90
30.60
25.60
40.90
20.20
18.00
33.40
10.70
36.40
10.60
37.10
29.60
16.00
32.90
41.30
13.10
16.40
30.20
11.90
13.80
14.70
30.90
12.70
19.70
15.40
20.20
17.80
30.80
23.30
18.50
34.80
35.10
40.40
15.70
28.90
33.10
30.00
37.20
13.00
39.00
16.90
12.30
22.00
42.40
34.80
15.00
33.10
23.30
27.00
31.20
44.60
39.40
27.40
20.20
14.60
35.60
30.30
27.70
37.00
28.80
37.50
15.10
19.20
15.70
27.30
40.10
44.30
37.40
20.00
22.30
24.70
15.90
24.80
34.10
19.50
19.60
14.20
17.30
32.90
23.70
36.50
40.30
39.10
22.20
23.10
29.10
35.60
11.00
44.70
36.90
32.30
12.60
37.40
20.20
17.60
42.30
32.00
19.40
28.10
11.00
33.00
43.60
38.00
31.60
11.10
29.80
24.20
41.70
23.70
25.60
14.40
22.60
35.20
35.50
21.60
36.20
15.20
32.70
20.30
18.10
40.00
16.50
21.40
19.80
35.00
23.70
27.10
32.10
16.00
34.90
10.40
27.30
18.80
38.30
36.70
43.10
36.30
33.10
12.00
17.30
28.90
37.50
21.80
32.70
25.70
42.30
32.40
12.00
36.20
43.00
28.30
33.60
36.80
33.50
39.70
19.60
24.90
13.40
36.10
42.70
37.60
43.70
34.60
28.60
42.90
31.50
42.50
42.00
24.10
30.50
27.80
35.10
30.80
14.60
20.70
28.40
36.00
36.50
43.20
21.40
37.30
24.60
37.70
14.20
43.60
35.60
33.30
17.70
39.20
26.50
18.20
31.60
26.00
13.20
15.00
12.50
11.60
27.10
40.80
39.40
19.00
35.50
17.20
41.00
30.30
22.30
15.80
17.60
19.70
38.40
25.50
13.80
31.00
19.10
13.40
40.90
34.30
30.30
33.20
26.20
26.00
18.20
11.60
34.70
42.20
18.90
36.20
10.00
16.30
26.80
13.40
43.30
35.50
37.40
21.80
28.80
16.50
34.80
37.40
42.50
41.70
17.10
13.80
30.00
21.40
14.30
18.10
23.80
34.60
15.10
26.00
25.90
20.20
26.10
23.60
32.20
19.60
44.40
37.40
43.60
31.90
42.50
28.60
19.40
10.20
24.50
23.60
29.00
18.90
33.20
34.50
13.00
22.70
33.80
41.40
41.00
19.30
29.80
43.40
21.20
28.80
28.00
38.80
28.60
41.90
23.90
20.70
26.70
40.70
32.90
22.40
39.20
14.30
24.50
26.50
34.40
39.30
38.70
39.80
11.80
28.90
34.70
41.40
11.50
13.40
18.40
38.40
10.90
33.40
28.70
32.60
37.10
26.30
13.50
13.60
39.90
12.80
18.10
29.30
34.20
28.60
29.30
30.80
38.60
17.00
13.60
44.30
43.60
24.10
21.10
15.50
32.90
21.80
39.60
19.80
13.90
40.60
14.20
35.00
20.30
30.90
29.90
35.60
37.60
42.00
25.20
23.80
38.30
29.40
16.80
10.90
32.80
20.70
39.00
31.10
32.90
42.80
28.80
12.10
22.40
21.00
12.90
20.10
43.10
26.10
15.80
24.00
13.70
32.40
30.40
38.30
16.70
28.20
30.10
29.70
21.40
27.00
34.50
42.80
19.10
11.00
31.20
29.40
38.40
38.90
28.70
15.40
29.50
37.00
41.30
35.90
19.90
42.50
10.80
36.10
41.50
14.00
14.90
33.60
23.60
12.80
18.40
15.90
29.90
26.80
15.70
38.60
13.00
29.90
24.60
16.30
30.30
33.50
44.40
42.60
17.20
16.60
21.00
39.90
20.90
44.10
18.40
23.40
42.10
43.20
12.20
33.70
28.70
36.40
16.00
16.90
25.30
21.90
39.20
37.30
16.40
43.20
29.80
21.30
14.80
30.00
17.50
14.10
41.20
39.80
18.80
14.20
18.00
18.60
16.70
30.50
43.50
20.00
11.40
17.50
23.40
29.40
34.50
32.80
30.30
30.80
29.90
13.20
44.50
30.60
42.50
26.10
30.10
30.60
32.00
12.10
42.00
14.70
11.70
34.90
28.20
40.20
15.30
34.70
38.90
34.20
29.20
19.40
44.40
41.20
13.80
13.70
18.40
39.70
11.60
12.00
43.10
22.80
15.60
17.60
40.40
30.50
44.50
19.00
31.20
36.40
13.80
24.70
41.30
19.40
13.50
37.50
33.90
12.20
21.70
27.10
43.80
32.60
37.20
23.50
12.10
13.30
38.30
31.70
34.30
23.70
44.00
21.90
14.30
33.00
24.10
19.90
17.20
41.80
29.30
30.60
35.10
43.00
30.00
15.10
37.70
43.10
17.60
39.50
32.50
21.40
36.60
41.10
16.90
18.80
32.70
11.90
15.60
35.00
26.90
16.40
39.60
15.80
21.00
25.70
43.80
16.90
14.70
19.70
32.80
10.40
32.10
29.30
36.10
19.90
41.80
40.50
25.60
16.80
31.70
38.80
28.30
14.70
30.90
10.50
27.50
35.00
22.60
10.90
25.90
15.50
19.50
32.20
17.70
37.00
19.10
32.30
43.70
11.50
28.20
24.90
17.30
15.10
43.90
10.20
43.30
44.60
11.70
42.00
36.60
44.00
43.40
21.60
39.30
31.00
32.30
35.80
45.00
10.10
36.10
25.50
25.00
16.80
25.10
40.00
39.80
32.10
22.40
43.10
14.70
25.10
25.90
33.30
10.10
10.90
17.00
19.30
29.60
10.50
23.10
34.80
41.10
24.40
24.20
22.70
40.80
41.60
26.90
27.70
27.10
30.00
21.50
18.40
10.80
16.60
36.70
43.40
17.30
22.80
42.50
45.00
30.60
25.10
44.60
11.10
22.00
34.20
22.90
44.40
11.90
30.30
44.90
38.20
16.80
36.20
34.10
11.70
28.20
38.90
35.30
27.50
35.00
18.20
15.80
32.20
12.40
43.20
15.70
38.60
19.10
40.90
25.00
18.90
25.60
18.00
31.10
19.20
17.50
44.40
29.70
39.90
38.80
