29.90
15.10
35.70
19.10
19.40
21.60
40.70
30.00
14.20
17.10
19.70
32.40
20.20
41.00
18.00
38.30
20.40
12.30
22.80
13.20
13.70
21.90
28.70
23.50
11.20
12.60
33.30
35.60
42.70
39.60
32.80
11.80
20.20
37.70
41.30
14.40
11.70
25.30
11.40
26.30
20.00
29.00
25.10
33.80
17.00
27.30
30.50
19.00
37.50
42.70
11.10
33.50
26.80
14.90
14.70
42.70
33.20
21.90
35.90
23.10
40.60
41.20
32.40
15.70
38.00
11.90
11.00
33.10
19.00
41.70
11.80
12.50
11.80
16.90
29.00
15.10
11.70
17.20
11.90
43.90
36.70
21.80
20.80
34.60
22.30
12.90
37.60
19.00
35.80
20.00
29.10
30.90
13.60
22.00
42.40
23.80
42.00
32.40
21.90
30.50
27.70
12.70
30.00
24.90
27.10
38.50
13.50
39.50
22.40
26.10
12.90
41.40
14.40
42.40
31.40
14.80
10.70
17.60
22.20
35.70
25.60
43.70
40.70
22.10
23.20
22.90
23.70
29.90
12.30
17.90
20.20
35.90
16.20
30.90
11.80
22.10
25.10
32.70
22.50
15.80
36.60
43.80
12.90
29.20
24.50
14.10
20.00
33.40
38.60
23.20
14.90
29.00
14.50
33.10
13.00
41.30
44.90
18.40
14.80
34.10
43.70
29.80
19.00
21.00
31.30
38.70
24.40
20.30
18.00
14.80
17.10
38.60
15.50
28.80
26.50
11.40
40.90
20.50
43.10
23.90
19.60
15.10
19.80
27.00
14.80
33.00
16.10
34.70
12.80
20.00
17.40
16.40
11.00
34.70
44.90
36.00
23.20
11.90
43.80
38.20
27.00
42.10
15.60
27.20
35.20
37.80
29.20
41.20
16.40
30.30
26.90
44.20
22.00
16.90
30.90
33.70
41.00
19.10
36.20
25.70
37.80
25.60
39.70
42.80
33.80
39.60
42.40
13.80
29.80
32.10
41.40
33.00
24.40
16.40
25.00
23.60
24.90
20.00
15.00
36.90
29.00
13.20
36.40
20.70
23.10
11.10
32.50
27.50
13.40
42.40
19.40
22.00
18.00
25.00
42.30
40.50
41.40
25.40
38.00
29.90
18.60
16.30
44.60
22.60
43.70
22.70
30.30
37.30
22.20
22.10
34.20
44.70
32.80
34.00
17.40
40.60
38.70
11.20
19.80
35.30
25.70
40.30
43.80
33.80
28.40
35.70
26.40
32.60
44.70
16.70
18.80
39.30
15.90
30.10
32.10
40.50
22.00
22.40
25.20
17.90
11.30
14.10
26.40
29.30
11.70
20.60
29.90
11.20
27.90
23.60
20.10
10.30
36.30
21.50
41.40
41.70
23.60
44.70
27.00
17.40
44.90
30.10
38.10
13.00
27.50
31.60
19.70
23.30
21.20
30.60
15.70
35.40
17.50
18.60
16.60
31.50
12.10
39.00
22.10
12.90
34.50
29.10
31.00
23.00
22.90
29.30
37.70
33.60
38.60
35.90
37.80
35.30
17.80
13.20
28.90
27.70
15.60
41.80
19.50
35.60
26.30
16.30
18.00
23.00
18.40
14.20
28.90
20.40
25.70
22.40
34.10
10.80
21.60
43.30
42.00
38.50
11.70
37.90
37.20
12.20
36.10
39.20
42.60
26.60
44.60
23.10
25.30
24.80
35.70
42.30
31.30
24.10
14.00
34.10
42.90
12.70
14.20
38.00
18.70
23.30
29.50
34.70
42.20
18.40
40.70
11.70
19.00
20.90
25.40
13.10
30.80
22.30
13.30
22.10
40.90
20.10
34.00
20.50
42.20
38.50
29.30
30.70
43.60
42.60
37.90
14.50
21.20
33.20
13.00
24.20
30.70
26.00
41.60
11.80
10.10
25.80
30.50
29.70
35.10
34.30
43.10
32.40
38.90
13.00
23.60
19.90
36.60
23.40
36.10
37.10
29.80
35.60
10.00
43.80
11.20
20.90
43.30
33.70
32.40
20.00
10.10
38.70
12.50
13.90
33.70
40.00
23.10
14.00
21.40
16.60
44.00
37.30
18.20
41.20
23.70
42.90
21.50
17.00
40.10
12.50
26.50
27.90
10.70
36.30
18.10
16.10
12.50
34.80
30.50
35.00
22.20
11.40
29.90
41.70
43.60
33.00
16.30
18.30
32.90
15.70
40.60
22.80
24.80
39.50
15.80
26.80
26.20
39.00
18.00
44.60
25.80
19.30
18.50
12.00
30.10
20.90
28.90
28.10
38.40
13.50
36.90
44.30
25.60
37.20
16.20
18.40
17.60
22.10
39.20
12.80
37.00
10.00
27.30
23.80
43.90
22.00
24.20
34.30
39.30
11.50
30.00
26.50
26.30
44.40
10.50
22.30
24.30
27.80
34.00
38.30
38.00
40.00
41.10
27.50
40.50
42.00
10.50
22.20
18.10
32.20
18.60
16.50
26.80
25.60
19.70
31.90
31.10
25.40
35.10
20.40
17.10
31.40
22.30
14.00
23.80
35.10
10.40
22.70
17.50
35.40
12.80
13.70
30.60
28.90
10.40
29.30
38.60
39.60
13.00
29.30
17.10
39.90
28.00
20.00
19.70
18.50
41.80
44.00
11.50
43.80
35.30
23.50
16.90
28.50
17.60
35.00
44.90
28.10
12.20
25.40
39.30
11.30
42.80
39.10
38.80
10.90
33.70
12.70
30.30
25.00
23.50
15.80
41.80
15.90
28.70
44.40
21.80
12.70
39.90
22.30
14.10
21.80
35.90
42.50
44.50
22.60
14.70
14.30
13.40
17.60
36.40
33.60
28.50
14.90
10.70
26.90
31.90
33.30
35.90
15.40
44.60
16.70
44.10
42.50
43.30
35.10
30.00
23.20
23.60
13.90
20.10
31.20
34.40
10.90
44.10
44.90
36.10
24.40
42.90
27.30
42.40
30.90
14.80
34.70
17.30
30.10
42.40
32.70
33.60
17.50
17.30
18.30
21.70
19.30
43.00
35.60
34.80
44.50
31.10
13.50
10.90
26.40
28.20
18.60
19.80
10.60
38.90
10.40
34.40
21.90
22.10
26.90
18.00
29.20
38.60
36.10
24.10
35.10
21.80
17.80
33.70
30.30
30.40
10.80
40.50
31.20
30.30
12.40
39.90
21.10
28.60
40.40
42.80
34.70
33.20
36.90
43.30
35.50
42.40
34.10
15.70
34.80
37.10
38.70
15.30
16.10
15.50
16.00
23.10
11.60
38.60
17.80
13.00
43.30
29.90
23.10
10.50
38.70
16.80
34.10
21.10
17.60
20.00
36.00
42.70
19.40
29.20
22.00
44.20
18.50
29.50
26.20
10.50
19.40
15.20
39.70
16.40
30.30
18.70
20.50
33.40
14.20
14.60
16.50
11.80
13.70
16.10
27.00
18.10
29.50
26.30
12.90
27.50
20.50
44.50
40.40
32.00
11.10
27.90
38.20
34.00
37.30
37.20
23.10
12.00
17.00
32.00
15.10
40.80
18.10
12.00
32.20
23.20
21.80
23.80
21.70
20.30
25.90
26.10
32.30
30.70
17.10
14.30
43.20
38.60
26.70
31.50
21.80
34.10
39.00
25.20
16.70
34.60
16.00
37.00
24.50
28.10
13.80
14.10
42.30
19.20
28.10
14.00
27.50
34.80
32.60
31.00
12.40
41.70
41.10
32.70
26.70
24.00
41.20
34.10
28.30
28.10
42.10
43.40
26.70
11.70
31.30
29.70
40.00
37.80
42.00
19.70
26.60
42.80
14.20
24.90
29.00
14.60
24.20
17.20
12.10
30.50
18.40
15.60
10.70
42.60
16.70
19.90
28.30
25.30
28.20
33.30
29.90
23.30
13.40
24.90
19.30
23.20
41.10
21.00
28.90
23.50
16.80
14.50
28.00
43.80
43.80
12.30
18.70
39.90
15.00
35.10
22.40
36.10
13.70
34.30
39.10
42.70
40.80
33.40
22.70
33.40
14.20
15.50
14.50
42.70
28.50
44.20
35.10
13.50
41.60
24.90
17.30
29.00
34.40
25.70
26.80
35.30
14.20
42.20
29.30
13.80
14.90
13.30
15.80
14.70
24.80
25.00
27.10
22.80
26.40
37.20
30.40
33.00
39.30
30.70
38.80
22.00
10.90
16.50
24.50
29.40
29.10
26.30
37.10
15.90
20.40
26.20
33.60
44.60
10.50
42.50
44.70
24.50
38.80
21.20
43.80
26.40
39.80
41.60
42.70
26.00
16.60
40.70
40.10
44.40
41.60
26.80
20.10
22.50
34.00
23.40
24.10
22.20
29.30
35.00
12.30
19.40
22.20
42.10
30.40
44.50
23.70
10.50
14.30
44.90
38.00
35.90
31.00
23.30
24.70
18.20
35.40
23.00
24.10
19.80
19.80
26.30
41.70
44.60
14.70
20.00
31.30
13.70
35.80
10.70
39.20
34.60
38.60
20.10
25.90
40.50
41.20
12.90
29.40
14.20
30.40
37.30
28.10
34.70
13.20
24.00
10.10
40.70
33.10
23.90
29.00
38.60
32.50
39.10
32.70
44.20
37.40
18.10
38.90
11.70
36.10
38.50
21.10
17.40
23.80
44.70
30.10
43.60
27.20
26.60
17.20
37.40
15.40
40.00
22.10
10.00
12.40
18.20
44.00
15.50
18.30
15.10
15.90
44.00
14.60
36.60
39.70
17.50
22.40
34.60
22.30
41.50
40.80
13.30
18.20
29.00
44.90
14.00
44.50
15.20
19.00
27.30
40.30
24.70
28.40
29.40
10.40
17.30
18.70
17.80
28.50
18.70
44.60
15.80
31.50
27.90
25.90
15.70
27.30
28.80
18.40
20.00
14.90
37.30
40.20
28.00
34.40
15.60
29.00
38.30
36.60
44.00
35.30
34.80
22.10
17.20
11.70
28.90
14.90
33.20
14.30
14.70
31.80
38.50
36.40
16.40
23.20
23.70
42.40
41.40
12.30
41.50
41.80
31.50
11.60
39.90
14.50
24.30
23.70
38.00
37.60
17.00
17.30
24.10
35.10
23.20
17.30
12.80
16.40
12.90
40.70
16.90
26.50
33.40
24.90
34.50
17.20
17.40
38.60
21.10
27.80
26.90
26.80
29.10
21.40
43.10
20.00
36.90
28.00
24.30
11.50
26.90
30.50
30.00
43.70
43.60
33.10
10.90
24.20
32.30
43.80
39.30
17.70
38.00
18.90
21.80
17.30
33.20
34.50
31.90
41.00
24.00
26.00
19.80
28.30
11.40
32.50
32.10
42.60
33.30
13.50
31.20
44.10
40.60
38.70
38.20
25.40
31.20
16.40
38.60
20.80
12.50
31.30
25.50
12.80
10.40
44.10
23.00
14.40
44.70
25.30
20.50
16.00
28.50
32.90
40.90
41.50
29.60
24.40
29.90
13.20
28.80
11.30
42.50
23.40
26.60
44.60
20.30
18.70
40.80
31.20
40.10
32.90
24.20
25.90
22.50
18.90
10.30
18.10
37.70
40.60
13.90
25.50
10.00
33.00
17.70
33.90
19.60
11.90
43.80
45.00
10.10
31.20
42.60
23.80
21.60
13.00
32.30
14.40
26.60
25.00
39.80
13.50
33.70
15.10
44.80
10.20
24.20
11.10
36.80
31.10
23.80
40.00
25.40
36.10
30.50
39.60
12.30
29.60
34.60
25.80
34.50
41.80
32.90
36.80
33.60
14.60
34.20
21.40
11.00
34.80
35.10
12.60
19.10
28.80
19.20
14.40
30.30
39.90
10.60
40.50
44.00
32.70
14.00
36.90
22.00
18.00
21.20
14.00
31.10
17.00
19.00
17.40
37.50
41.90
40.30
13.70
39.80
19.50
18.10
19.20
22.60
40.60
11.80
43.40
21.40
44.80
34.70
17.40
22.10
43.40
37.60
37.10
44.60
31.00
13.50
40.50
10.00
16.30
37.40
26.90
14.50
26.80
31.30
13.30
41.00
29.60
13.50
28.00
22.90
10.40
22.40
43.40
38.50
41.30
27.10
19.90
42.20
21.30
39.60
27.70
12.20
23.30
15.10
37.90
40.50
21.50
12.10
38.40
39.70
35.30
13.40
27.70
29.50
41.70
31.50
32.50
29.30
40.50
38.00
44.50
38.20
19.70
13.60
10.10
20.30
34.00
12.80
43.10
36.50
25.50
31.40
20.20
20.20
11.90
42.70
10.60
19.70
32.60
40.70
40.70
23.90
43.80
15.90
35.00
20.70
32.80
41.70
10.80
26.10
17.90
12.50
43.40
37.20
43.40
34.20
38.10
32.70
10.60
25.00
38.90
10.10
37.80
33.70
19.70
27.40
22.50
16.30
29.20
29.40
10.00
24.60
16.30
41.10
15.40
31.00
18.10
32.90
32.10
35.80
34.20
29.90
25.80
18.10
37.90
43.10
43.30
37.90
28.80
34.40
27.70
44.40
40.70
43.10
42.50
22.10
39.40
17.80
36.20
15.20
33.00
27.40
13.80
20.20
36.60
23.80
14.80
25.90
42.30
19.00
31.90
13.30
32.90
37.80
34.80
39.50
21.70
39.10
30.40
29.40
24.90
13.40
18.00
28.30
44.40
14.10
22.80
39.40
16.50
32.20
32.10
18.60
17.20
23.50
33.40
35.10
27.10
35.70
42.60
10.50
16.90
18.40
31.00
18.80
30.80
43.80
38.50
28.70
23.90
21.00
20.60
30.90
18.10
33.70
30.90
42.30
27.70
18.40
28.40
34.50
27.00
39.20
30.20
13.50
30.80
34.40
35.30
37.30
13.70
32.90
40.40
17.60
35.20
24.50
33.70
19.30
20.60
42.10
39.50
28.20
13.80
42.00
13.40
27.50
42.20
27.20
21.80
22.40
36.70
16.30
28.60
16.00
45.00
27.40
31.10
37.80
22.10
10.20
10.70
31.30
34.40
25.90
33.40
21.70
17.50
12.80
31.60
38.10
25.70
13.50
12.10
16.20
22.40
40.80
35.70
26.20
40.50
36.00
19.10
25.40
30.30
14.00
42.00
18.50
22.10
20.80
34.60
22.00
18.20
29.30
26.00
22.80
31.50
14.80
41.60
11.90
42.70
27.20
21.10
18.80
41.80
16.10
35.20
19.30
13.00
31.50
16.70
31.40
19.60
41.50
20.30
39.20
13.20
38.30
21.70
41.80
12.80
40.60
31.00
17.70
29.90
42.10
35.20
32.00
20.80
25.50
14.30
26.70
34.30
11.60
27.40
31.60
37.30
39.70
36.30
13.20
35.30
17.60
44.80
28.20
21.70
11.70
29.70
12.00
28.80
45.00
18.00
19.70
37.50
32.80
41.40
12.80
37.50
18.40
11.50
20.80
18.70
43.40
27.10
40.10
19.10
10.30
30.00
41.10
44.00
37.50
26.60
34.80
33.20
28.60
28.50
29.90
39.20
11.40
24.70
38.40
35.50
14.90
32.10
31.70
29.50
19.40
40.30
15.90
43.80
29.90
15.90
11.60
19.10
18.50
17.20
24.50
13.00
34.60
25.10
16.10
31.00
40.50
37.00
11.70
27.20
19.70
40.30
25.50
13.50
15.80
20.70
39.50
30.10
35.40
40.50
40.40
20.30
32.40
18.40
40.80
21.20
16.50
19.50
36.60
32.70
29.90
12.80
25.00
34.10
41.80
41.70
30.60
24.20
43.20
19.60
23.70
16.00
30.90
33.80
21.90
21.70
22.20
35.10
11.80
12.30
35.10
30.60
32.50
15.20
28.40
26.40
39.90
22.90
43.60
24.20
22.70
44.50
40.50
43.50
12.50
38.60
10.50
28.40
33.60
23.50
19.20
36.00
18.50
32.00
24.90
16.80
44.00
11.70
39.30
35.40
36.60
38.50
21.30
33.20
19.40
17.90
24.20
29.70
36.90
39.60
41.20
14.30
32.10
26.80
19.80
22.10
23.40
31.30
35.00
37.50
42.40
11.00
39.80
19.40
34.80
23.60
35.50
20.90
37.10
42.10
10.30
34.20
10.90
35.60
30.70
30.30
15.70
42.50
31.00
32.30
20.90
10.80
22.30
26.20
37.00
30.70
12.90
44.70
44.60
32.00
34.70
43.70
35.00
23.00
28.10
32.30
39.10
36.50
10.00
17.70
32.00
29.30
34.90
36.40
11.40
29.80
34.80
29.90
36.40
36.00
16.60
33.10
39.30
38.60
17.00
20.60
25.00
39.50
28.80
35.70
14.50
23.70
26.30
23.30
35.40
12.70
30.10
40.30
43.90
11.90
43.80
42.20
40.90
44.80
23.50
17.20
15.70
34.10
31.50
33.90
12.80
34.40
44.60
42.50
25.00
20.80
36.90
36.30
38.90
35.10
35.10
37.80
39.40
20.80
29.30
25.90
44.50
37.30
15.20
41.80
31.80
22.30
21.40
10.70
15.50
10.40
19.30
43.30
40.00
16.10
36.60
28.40
20.50
22.20
39.40
44.20
12.80
17.50
33.40
15.40
22.90
41.70
12.30
43.00
29.90
32.00
37.40
44.50
31.50
41.00
40.00
42.50
30.10
15.30
39.00
39.40
33.70
11.10
35.10
37.90
39.90
16.90
26.90
18.20
20.70
36.60
24.10
23.80
22.90
39.80
20.50
15.50
42.10
35.50
18.20
18.80
21.00
34.20
11.00
27.60
38.40
16.20
25.50
37.80
21.70
41.00
22.80
25.50
28.90
38.70
39.10
40.40
20.10
13.00
42.60
24.60
44.30
17.10
21.60
20.60
25.50
38.90
11.30
24.50
30.50
12.30
31.30
21.30
25.60
11.10
17.60
41.60
12.80
24.90
35.70
27.90
13.30
10.10
24.30
28.90
42.70
44.30
26.40
42.40
36.90
34.80
22.30
25.70
21.10
29.40
20.90
27.60
24.00
28.10
28.90
41.00
11.10
18.50
18.00
21.60
38.60
36.30
26.90
19.70
13.50
28.60
23.40
34.40
13.20
12.50
24.00
40.60
33.50
22.70
28.20
11.30
34.40
41.20
36.20
18.50
44.40
19.60
21.00
43.10
41.80
10.90
23.50
26.20
35.90
31.90
13.60
29.10
33.50
19.30
35.20
23.30
26.30
34.00
15.60
14.50
38.20
37.20
25.10
23.40
21.70
15.30
21.10
36.20
14.10
43.90
41.00
23.10
23.20
12.80
21.10
35.40
35.30
19.00
33.60
20.40
32.30
17.30
31.00
15.50
28.10
33.00
12.60
37.40
14.60
16.20
39.60
34.80
23.70
13.20
35.70
26.30
38.60
17.40
25.80
26.00
24.20
22.00
34.00
35.50
41.90
35.90
29.70
38.70
28.00
26.70
28.30
17.90
15.20
30.60
35.40
37.80
43.10
23.00
28.10
16.90
23.10
37.20
26.40
18.50
38.90
15.20
27.00
24.90
14.80
32.80
30.60
26.20
43.40
44.30
24.90
20.90
35.00
16.80
13.40
10.70
23.40
22.10
12.50
28.20
33.60
29.40
23.40
24.80
34.20
35.70
38.60
20.50
32.40
25.90
21.00
32.50
25.60
31.40
12.10
34.80
25.50
10.00
41.70
31.90
17.00
41.40
18.20
35.30
41.20
27.30
35.80
12.90
15.20
13.20
32.40
29.40
35.70
39.70
10.00
34.10
24.50
31.30
33.70
16.60
32.90
39.70
33.60
30.60
27.00
16.10
18.00
34.20
41.40
39.70
12.80
27.70
21.10
38.80
16.00
43.10
17.90
41.20
11.10
27.40
37.90
25.40
28.70
39.00
22.50
11.30
11.40
11.70
31.40
18.00
41.60
13.60
18.90
31.90
36.80
17.30
31.40
39.20
27.50
24.20
21.60
40.00
29.60
34.00
41.80
41.70
19.00
15.30
42.30
28.50
40.90
26.90
26.50
33.90
28.60
40.80
20.10
31.10
18.10
23.90
37.90
15.40
19.50
13.30
16.60
33.60
14.70
16.30
32.10
17.70
39.40
20.10
41.40
21.30
25.50
36.60
32.80
34.20
31.10
11.60
36.50
42.80
28.10
42.60
20.80
41.90
31.70
29.70
26.70
27.80
22.30
26.20
33.60
33.10
13.00
30.80
18.90
24.20
10.50
41.10
18.10
16.90
16.00
13.30
28.00
25.70
40.70
20.80
19.40
28.00
40.00
29.70
17.60
28.70
37.50
41.00
30.40
27.10
29.80
21.20
28.60
25.00
11.70
19.70
38.60
12.60
40.10
16.10
44.00
29.20
37.10
42.40
40.00
11.20
31.70
18.50
26.50
36.20
28.00
15.80
20.80
29.90
30.80
13.80
30.50
11.20
12.90
33.70
20.30
16.10
37.00
28.80
14.70
38.90
44.40
32.30
35.00
20.60
30.40
45.00
14.70
33.90
39.40
43.40
43.40
35.00
31.20
35.60
22.70
37.30
40.00
24.60
25.20
27.40
37.30
30.30
28.90
42.10
40.30
24.40
39.80
34.50
27.30
17.10
27.80
40.00
22.10
29.60
37.50
21.60
19.50
44.40
33.60
42.70
43.10
27.70
19.90
26.60
22.70
10.40
20.00
37.70
17.30
40.20
42.50
30.40
14.40
19.30
37.80
18.40
42.10
36.30
20.20
13.40
42.50
20.20
15.00
39.80
33.00
43.90
12.40
26.20
35.20
27.00
10.60
28.90
28.00
24.60
20.70
19.30
34.10
13.80
16.00
42.70
20.80
26.30
31.90
17.60
34.40
10.70
11.60
30.60
24.40
37.30
18.30
36.40
32.90
17.50
17.60
19.40
30.50
14.00
10.90
38.30
15.00
13.00
14.40
39.20
33.80
24.70
21.50
21.00
33.60
15.30
13.80
16.10
35.80
24.40
38.70
14.10
14.30
16.10
18.40
34.10
41.80
24.30
31.50
30.40
10.00
39.30
31.00
10.20
18.50
26.80
32.50
16.30
31.40
22.50
23.10
26.20
36.80
33.20
32.00
27.50
16.80
41.30
34.60
38.00
37.00
37.50
21.10
39.10
19.20
27.40
37.70
21.30
34.80
36.10
33.30
33.80
21.60
11.20
23.10
32.70
28.90
17.10
23.80
17.40
19.40
40.00
11.00
40.10
12.80
30.90
10.30
33.50
42.90
18.40
11.50
18.80
21.20
37.70
30.20
23.50
15.80
31.90
35.20
16.10
12.20
13.20
10.60
18.80
35.40
15.40
11.50
10.40
14.90
11.80
35.00
16.60
25.80
37.00
24.70
44.90
23.10
16.70
43.70
16.40
30.80
18.50
20.20
38.30
19.60
16.90
39.60
32.80
30.30
33.80
15.00
30.10
35.60
21.10
26.80
39.10
40.10
34.40
36.50
23.80
15.50
32.20
37.30
22.30
29.50
16.50
16.60
14.80
26.60
36.50
10.10
14.10
19.60
18.20
14.10
15.40
27.20
12.70
14.90
43.30
18.60
45.00
21.00
44.70
11.30
42.00
28.50
11.20
39.20
13.00
27.70
21.20
20.20
41.50
11.00
17.30
15.60
13.50
32.70
33.20
12.80
41.60
28.20
36.00
26.20
17.80
35.70
31.60
32.30
29.20
42.50
42.60
33.20
24.20
12.50
22.10
42.90
43.00
26.90
33.10
30.30
42.20
17.00
16.00
37.50
21.40
33.70
34.10
22.20
22.10
31.70
42.90
15.00
18.40
23.10
20.90
38.00
31.90
26.20
44.60
37.10
21.60
23.20
26.50
42.90
33.30
17.20
14.60
36.90
41.50
36.30
20.80
40.10
32.40
14.70
25.70
38.60
38.00
15.00
31.70
36.90
30.50
25.40
35.20
14.60
39.80
17.50
30.10
31.90
29.80
33.70
28.30
15.00
19.70
11.60
33.90
22.60
17.90
23.70
37.90
41.80
18.20
28.50
29.10
19.00
13.50
18.30
13.60
35.10
16.90
22.20
16.00
12.80
12.80
17.70
31.80
45.00
12.90
31.40
34.90
22.70
41.60
25.80
38.80
34.20
32.40
23.00
12.30
39.60
36.80
21.10
16.70
42.70
29.90
12.30
23.00
11.10
26.80
28.90
19.90
36.60
42.80
20.40
37.20
42.40
34.50
39.70
24.40
19.80
15.60
44.10
38.50
26.50
17.30
44.00
12.50
13.10
27.20
27.00
40.00
30.40
11.10
31.70
34.90
43.60
30.20
32.80
32.80
31.60
35.90
15.80
13.80
16.20
37.20
40.00
43.30
26.10
16.60
37.80
22.30
12.70
10.00
10.70
37.00
23.50
38.70
42.90
42.30
14.10
25.20
36.30
37.30
44.70
20.70
19.50
11.50
15.20
29.30
12.50
26.80
43.30
35.50
15.70
25.10
18.90
23.90
39.10
30.10
39.30
21.80
34.80
14.30
33.30
20.40
20.70
12.20
19.00
10.20
12.60
45.00
16.60
39.20
28.00
30.70
41.30
30.70
35.00
44.70
23.80
37.60
32.30
38.70
31.50
33.40
10.00
44.80
29.90
38.10
27.60
22.70
16.10
19.00
12.10
21.80
34.70
36.80
36.50
10.90
37.20
39.90
30.80
29.80
44.50
36.40
34.90
43.80
19.10
37.90
20.50
37.40
16.30
22.90
40.40
20.20
20.30
34.20
12.30
10.90
40.20
41.50
43.60
27.10
22.70
31.00
18.70
18.90
38.30
32.70
41.10
10.40
33.40
42.90
34.10
31.30
24.90
10.60
38.40
23.50
14.10
42.40
29.10
18.70
14.50
39.90
39.10
31.00
11.40
42.50
44.70
38.30
39.70
41.90
33.60
39.10
34.20
17.70
33.30
30.60
43.60
21.50
16.70
13.40
30.10
21.60
15.80
29.30
25.70
15.50
19.00
21.80
41.40
29.50
40.10
21.20
28.20
26.40
38.00
35.20
17.70
31.50
15.10
13.30
27.30
30.30
22.60
13.60
31.50
23.60
30.90
10.70
16.50
43.40
14.90
40.40
27.80
35.50
32.90
38.60
37.40
10.70
19.80
33.20
42.20
26.50
15.50
43.10
40.30
21.40
36.10
28.50
26.60
42.90
40.40
24.60
32.40
27.20
36.70
23.30
20.60
26.90
44.00
31.00
40.60
17.60
12.50
11.90
29.50
11.00
33.60
39.30
37.30
39.70
39.30
33.80
24.00
17.60
18.70
27.00
38.40
42.70
28.30
31.20
27.70
16.10
44.40
30.90
44.20
43.70
34.40
38.00
13.10
28.90
13.40
38.80
31.60
27.50
13.50
27.80
13.80
20.90
25.50
41.50
39.40
14.30
13.10
25.50
42.60
38.70
40.50
23.60
10.10
20.50
14.80
25.40
21.10
25.50
37.30
12.00
44.00
39.10
39.50
22.90
13.20
12.40
31.50
20.00
29.90
20.30
40.60
36.00
19.90
12.50
37.60
31.20
14.10
26.70
21.00
19.10
42.30
43.70
31.40
24.90
12.00
19.30
11.30
30.60
30.20
14.30
21.40
25.90
44.10
26.70
25.40
14.10
34.40
12.90
20.90
39.70
28.40
12.20
16.50
33.10
36.30
16.00
35.00
32.70
33.00
14.70
18.70
40.40
24.20
22.50
13.70
12.70
35.20
23.50
43.90
35.30
31.50
22.30
30.30
39.30
22.50
20.30
22.00
37.00
33.70
29.00
43.60
11.00
44.60
43.00
11.40
19.70
14.30
26.20
27.70
44.80
30.20
23.50
27.10
39.20
18.10
28.50
19.00
36.10
17.70
26.70
17.00
13.30
23.80
29.20
14.80
26.30
28.40
42.90
13.40
19.60
31.20
26.90
44.00
26.10
39.60
25.50
26.80
20.10
17.90
14.60
11.40
27.00
21.70
25.00
37.60
26.30
18.70
18.70
18.00
35.80
12.40
24.00
24.90
24.20
33.40
13.50
12.90
28.80
26.10
11.30
39.10
30.20
25.00
32.10
16.90
18.10
20.70
37.80
43.80
15.10
24.30
29.60
25.10
43.20
20.70
30.60
10.80
27.50
22.90
31.90
42.00
24.20
24.90
10.00
38.60
44.80
16.10
28.30
18.50
13.40
43.40
31.60
19.70
21.10
11.70
13.20
38.40
37.90
37.90
12.40
41.20
17.20
13.80
35.40
38.70
28.90
41.80
10.90
43.20
37.80
21.50
41.80
31.20
12.60
21.70
27.70
33.70
29.70
44.40
28.10
32.20
31.70
32.50
36.30
21.20
11.90
13.80
11.90
22.00
10.10
35.50
13.60
27.00
22.00
18.40
23.10
17.60
43.10
27.10
19.30
36.50
28.90
20.30
15.40
27.50
34.50
39.20
43.70
10.80
29.90
16.00
32.60
21.80
43.80
20.00
17.20
17.80
18.30
33.00
13.00
38.00
36.60
12.90
39.10
28.10
44.80
26.80
19.60
24.20
38.50
36.00
37.00
34.30
27.50
23.00
39.30
11.40
25.50
17.00
35.70
27.90
20.30
13.80
19.80
18.00
33.10
23.40
32.80
30.70
10.30
22.40
25.60
43.90
15.50
37.20
22.00
31.60
22.00
21.10
13.90
12.00
20.30
30.40
30.40
37.70
41.20
34.10
11.30
42.50
42.10
38.00
10.30
39.90
25.00
41.10
26.50
12.30
34.90
27.60
22.50
11.20
28.40
29.80
17.70
39.50
10.00
13.50
17.70
22.90
38.90
31.00
13.70
19.70
26.10
24.90
23.60
19.10
40.40
14.70
23.50
25.70
10.10
28.10
39.80
35.50
43.40
26.00
29.50
15.40
23.70
23.40
32.80
44.70
19.80
25.30
36.50
30.00
30.40
38.50
29.30
36.40
21.90
44.10
17.60
25.70
15.80
12.20
21.90
31.50
17.50
21.60
27.00
13.50
14.30
21.90
35.00
22.40
27.60
43.20
21.90
19.50
41.80
14.10
17.00
14.40
33.20
26.10
13.20
37.80
23.40
33.40
21.20
44.80
27.70
26.20
24.50
16.30
14.80
39.50
14.40
28.20
40.60
39.50
26.40
19.60
33.00
13.10
12.90
12.40
19.50
34.50
40.50
13.90
22.60
41.10
42.30
19.70
18.20
20.80
11.90
17.20
32.20
32.50
27.10
10.10
26.70
19.00
40.30
32.00
38.30
43.20
24.70
41.80
36.20
16.80
42.60
11.30
34.40
34.80
10.60
31.00
21.00
22.40
40.20
28.10
37.90
24.60
12.10
33.10
43.30
13.30
41.80
12.00
20.40
13.10
28.40
39.80
44.50
29.20
13.50
13.60
31.60
42.50
13.50
12.70
28.90
27.00
16.50
22.30
31.60
42.00
13.80
13.50
21.50
11.00
32.00
30.70
41.40
17.70
18.30
41.20
18.40
31.70
10.00
43.60
18.80
32.00
28.20
37.20
14.00
11.70
21.90
17.00
34.60
39.90
33.90
43.40
30.60
20.70
39.70
40.10
35.40
31.00
29.90
38.00
38.00
25.70
20.70
31.50
15.10
19.60
19.50
32.00
35.80
43.60
42.40
16.70
27.30
17.30
42.10
16.90
16.50
15.70
10.20
44.20
27.50
22.50
41.10
12.40
16.10
18.90
41.20
34.00
23.90
11.40
23.00
15.60
35.50
12.70
35.50
20.00
33.30
20.80
40.60
36.50
44.20
16.40
41.60
28.90
39.80
23.60
14.10
14.50
26.50
44.60
24.90
27.80
10.80
23.50
43.20
24.90
39.40
41.20
17.70
43.60
16.70
17.90
30.30
15.10
18.70
44.90
43.40
22.10
24.90
29.70
37.70
30.20
42.10
36.20
13.70
17.00
32.70
37.60
35.70
18.50
20.10
13.40
44.00
15.10
20.90
26.00
41.00
11.60
40.50
22.00
31.40
13.30
18.20
24.00
15.80
11.30
13.60
36.20
42.90
19.00
40.90
15.70
28.00
19.90
39.90
41.90
44.00
27.80
27.40
24.60
42.60
25.20
12.90
44.30
16.10
37.40
18.10
39.60
37.40
44.30
30.60
23.50
36.60
40.50
23.60
18.60
22.40
20.00
14.30
20.90
26.50
34.30
14.00
42.60
12.90
35.50
39.40
13.70
41.20
31.90
16.40
31.20
36.20
27.80
25.90
25.00
13.50
39.90
29.30
10.30
26.30
17.50
12.60
17.70
12.40
24.80
30.30
38.20
23.00
26.80
35.10
28.80
42.80
12.30
24.40
36.40
36.90
12.70
10.70
31.00
34.10
38.80
29.10
24.40
14.40
11.10
34.60
23.00
42.90
43.30
30.80
35.80
10.40
13.40
23.10
14.40
43.60
18.70
43.30
22.30
36.90
32.10
16.40
18.90
15.70
26.90
20.80
28.10
28.60
30.80
43.80
39.80
26.50
36.30
16.50
41.20
18.60
31.60
20.70
40.90
29.10
35.70
20.30
29.40
34.70
42.90
17.70
32.70
43.50
37.00
25.40
32.10
41.10
33.80
42.10
43.10
23.00
19.80
12.50
34.80
20.70
35.00
21.30
21.80
33.80
40.20
36.00
11.60
37.10
24.80
12.90
12.20
13.80
44.70
13.20
20.10
33.10
17.70
42.50
43.30
10.10
13.10
26.60
29.70
12.70
24.90
44.40
33.20
35.60
44.40
12.90
43.70
10.30
23.50
43.80
17.50
14.20
32.40
40.20
44.40
24.10
12.70
12.00
32.30
39.40
17.90
30.20
36.60
12.80
32.60
41.40
37.30
35.10
40.30
35.80
30.70
14.20
27.50
38.00
31.00
41.80
17.00
27.30
12.50
14.90
42.10
40.50
23.80
31.30
33.40
11.80
41.00
16.60
41.80
10.00
25.20
25.70
25.60
15.60
28.00
37.50
39.00
16.30
30.90
10.90
18.40
35.20
29.50
15.00
32.50
33.30
31.60
38.40
41.20
25.10
27.30
22.50
17.30
17.90
36.60
22.30
31.30
24.70
25.40
25.30
10.20
20.50
11.10
20.80
20.80
15.10
21.30
41.20
27.90
18.00
22.90
33.50
21.80
26.30
30.80
30.40
21.00
31.40
15.00
12.30
25.50
40.50
13.00
14.60
43.30
35.30
24.50
13.60
33.70
43.00
35.90
26.70
37.70
33.70
16.60
33.70
10.10
27.90
38.10
22.10
19.80
26.40
43.70
11.00
34.60
16.90
14.90
41.80
42.10
10.30
37.80
13.70
28.60
19.80
31.90
42.00
11.60
22.20
41.80
21.00
21.50
24.10
43.40
13.70
27.30
39.20
12.20
37.80
13.10
37.50
19.80
26.00
24.40
29.60
26.20
32.30
13.90
30.90
24.90
12.10
26.90
35.20
42.90
20.90
32.10
13.70
10.10
21.80
25.70
19.20
44.40
14.60
45.00
20.20
40.90
12.30
26.00
33.40
13.90
43.30
30.50
37.00
26.60
38.60
12.10
30.50
18.60
17.40
26.70
20.30
21.30
21.30
22.40
38.90
41.50
10.00
17.30
21.00
44.80
16.20
36.50
18.10
34.10
40.90
16.20
26.90
23.40
39.00
19.20
12.40
34.90
12.80
10.00
43.50
44.50
28.10
31.30
40.10
19.50
31.10
35.80
41.90
24.30
38.20
12.50
16.80
39.10
42.60
20.90
25.20
36.70
36.40
13.20
44.70
22.00
21.00
13.30
13.30
33.70
12.30
39.90
23.80
44.80
14.70
28.90
34.80
15.40
26.30
12.80
16.80
29.80
31.00
23.60
41.00
10.30
27.70
26.70
36.60
26.40
18.60
15.00
43.10
13.90
10.90
37.50
24.00
27.90
33.20
38.20
13.60
36.80
13.70
32.60
21.80
40.70
17.70
42.30
41.70
37.50
17.30
27.30
25.60
15.10
12.10
30.30
30.70
33.30
10.90
40.90
22.80
13.60
44.80
37.90
39.70
42.80
32.90
26.80
38.50
37.60
37.10
35.00
11.30
39.00
16.80
34.40
20.90
18.10
28.10
22.80
30.50
14.50
11.30
14.80
24.20
20.40
15.00
10.90
29.20
25.30
12.30
17.20
39.30
37.30
30.80
27.30
23.70
23.10
33.80
18.60
31.30
35.70
11.30
37.90
37.60
32.70
39.80
42.70
36.60
16.80
43.30
18.40
20.50
44.00
15.70
38.00
17.30
12.60
44.50
36.60
35.60
11.50
24.50
15.10
24.60
41.10
14.40
29.20
27.30
22.50
44.60
29.00
41.10
25.30
32.40
30.80
11.10
15.40
25.20
32.70
39.00
15.90
30.20
21.90
18.50
21.50
32.50
41.30
34.20
23.00
26.60
21.70
41.80
39.40
36.70
44.20
26.70
21.50
25.40
19.60
21.90
36.00
11.10
11.20
30.30
30.20
25.20
30.40
42.80
19.40
17.40
28.70
34.10
25.20
26.20
14.90
43.20
35.30
23.50
37.50
13.80
26.80
39.10
37.50
17.60
27.30
15.30
10.50
29.90
19.50
20.00
12.10
45.00
23.40
29.10
19.10
33.30
10.80
29.00
36.70
26.00
38.10
25.30
35.70
25.30
31.40
43.90
33.40
38.30
44.70
10.50
37.10
11.10
41.20
35.80
17.40
20.80
10.10
37.70
44.70
10.40
22.10
44.30
21.90
42.20
42.00
11.20
39.70
23.70
37.50
21.20
38.00
13.70
41.50
40.40
36.10
32.40
40.70
25.70
30.20
22.20
39.50
31.80
44.40
37.20
11.10
27.10
43.20
26.40
38.20
32.20
12.60
34.50
34.10
15.90
31.90
24.60
14.80
20.30
36.80
23.80
10.10
31.90
28.30
34.30
33.70
38.30
33.90
26.90
10.90
19.50
29.10
20.40
31.50
32.80
14.80
22.90
32.80
21.60
15.90
29.30
16.20
13.40
13.70
10.30
38.60
25.20
17.80
24.30
39.20
34.80
34.80
16.60
14.30
35.20
10.20
38.20
32.40
25.90
11.50
10.30
21.40
19.80
13.40
33.60
19.30
12.00
11.70
32.60
39.90
34.90
30.70
15.60
14.90
27.10
33.90
24.40
37.00
43.70
10.50
37.80
15.30
36.00
40.40
37.90
23.30
32.40
35.40
35.10
30.80
10.10
22.00
22.00
23.50
31.00
12.20
22.80
43.60
35.50
12.30
31.20
24.50
25.80
43.20
32.30
44.70
29.90
22.70
33.90
20.60
19.10
26.50
41.80
37.60
40.80
27.40
20.80
24.90
41.70
29.50
15.40
38.90
15.40
38.10
23.60
41.30
13.40
26.70
18.00
13.30
35.30
23.40
37.90
44.60
12.70
12.40
20.00
29.40
23.70
44.30
15.20
24.70
38.10
38.40
16.60
10.20
18.60
21.80
26.40
37.50
28.30
31.30
25.00
36.80
31.10
35.50
31.60
29.30
42.70
19.80
13.90
11.30
37.30
11.10
38.70
39.90
36.10
31.70
41.80
19.70
44.50
29.70
32.40
43.10
10.40
44.90
12.50
35.10
21.60
25.90
23.40
31.80
26.50
42.00
26.20
24.70
20.60
26.80
42.60
12.30
42.70
35.40
32.20
18.70
41.10
29.40
14.00
27.00
44.30
26.80
26.80
16.30
37.40
38.70
12.10
42.50
36.80
41.20
39.00
33.90
12.20
13.90
16.50
36.00
44.70
12.40
12.10
39.10
44.80
25.30
39.50
30.50
20.80
42.10
38.70
41.60
31.20
35.10
31.20
40.90
34.70
23.00
21.40
37.90
15.90
23.30
18.10
29.10
40.80
33.80
19.10
30.20
32.80
21.20
12.50
42.60
31.60
40.80
29.80
42.00
19.80
26.30
10.40
37.70
28.70
12.50
23.60
21.50
16.60
21.70
18.60
24.00
17.40
30.10
41.50
18.30
22.30
25.60
23.20
32.50
39.30
13.10
32.70
19.10
12.00
14.00
33.60
15.60
39.40
35.80
15.60
22.80
41.80
40.70
38.90
42.20
25.90
22.70
22.80
15.50
15.00
26.00
24.80
26.40
21.00
27.90
14.30
11.70
10.30
38.20
36.20
24.10
25.30
21.60
31.60
43.80
10.90
21.90
34.00
23.60
32.80
25.20
38.10
44.00
17.80
28.00
10.50
41.10
32.40
42.40
32.80
20.70
19.80
10.30
31.30
14.90
37.50
30.40
22.30
12.90
14.60
34.40
18.60
22.90
15.10
42.60
25.70
10.60
17.00
25.70
23.80
11.40
43.90
27.50
21.40
42.10
42.10
24.00
43.10
33.90
11.20
36.40
20.70
10.00
43.50
20.60
36.10
11.60
34.00
24.60
29.10
27.00
36.40
19.90
18.10
32.30
10.70
27.80
17.00
12.00
37.40
11.10
13.50
20.80
28.30
31.40
10.90
34.90
29.30
38.60
22.30
25.00
12.30
17.30
27.90
20.70
14.70
39.60
43.00
42.00
10.00
19.60
24.40
38.40
12.20
16.10
15.70
13.30
24.00
27.50
17.90
31.80
18.90
11.90
28.90
44.00
41.20
24.70
25.70
43.30
12.10
43.70
42.60
39.40
15.00
24.10
38.80
20.20
15.30
16.10
20.00
42.90
40.30
10.60
34.10
30.70
27.60
30.40
41.10
15.20
27.70
13.30
17.70
17.00
14.80
24.60
23.50
19.70
13.00
35.10
10.20
38.10
11.60
38.30
35.10
32.30
41.20
32.00
37.20
25.30
15.10
17.30
26.30
25.00
39.60
35.60
34.10
24.00
14.60
44.60
37.40
17.10
15.90
35.60
40.80
36.60
19.30
30.60
40.10
40.00
33.30
34.10
21.60
32.80
41.00
29.30
40.30
19.40
23.70
22.20
18.70
34.70
37.80
24.00
27.80
16.80
22.40
24.90
43.90
14.80
35.80
39.90
34.20
31.90
14.90
18.70
38.90
27.90
23.20
22.00
41.80
21.60
11.10
17.90
21.40
26.00
33.40
34.10
23.40
40.80
31.40
32.90
19.80
41.80
43.50
20.80
42.80
18.90
36.10
32.90
11.60
39.90
36.00
37.20
44.80
19.30
37.30
10.50
12.90
17.60
38.40
26.70
44.00
35.10
11.60
35.20
11.40
10.30
39.70
40.80
17.90
27.40
42.50
29.70
22.70
11.40
35.20
31.40
38.10
17.40
10.70
30.20
36.80
38.90
38.80
24.20
28.90
44.50
10.50
40.10
17.60
30.50
42.50
25.60
34.60
21.00
35.90
40.90
30.80
18.90
16.40
12.20
25.70
27.30
13.60
31.90
12.30
10.30
42.40
22.00
27.50
40.40
31.20
32.80
29.10
23.10
38.10
44.50
44.00
11.10
30.30
44.10
32.50
26.90
33.00
20.40
36.40
29.00
42.20
28.50
10.40
36.80
35.60
18.70
13.70
24.90
21.40
29.30
10.60
17.10
18.50
31.60
10.10
17.70
44.20
27.00
13.80
37.80
27.40
24.10
39.00
15.40
42.50
20.00
27.60
26.90
28.30
18.00
27.00
42.20
15.80
25.50
39.90
17.80
33.20
18.90
25.10
34.20
37.50
34.20
42.20
17.50
16.30
23.70
21.70
29.70
14.40
12.10
40.90
22.70
23.00
34.10
26.60
26.90
18.80
23.50
19.30
19.50
35.20
40.20
37.90
25.90
18.80
21.20
25.00
19.10
16.70
10.00
43.40
25.30
29.20
42.70
24.40
43.50
20.20
45.00
32.80
34.40
36.40
25.50
31.40
21.90
12.10
32.10
44.70
17.90
19.90
45.00
28.20
15.40
29.00
44.30
18.60
44.00
42.60
15.90
16.40
10.00
25.20
42.30
33.30
14.90
18.90
40.40
22.60
27.50
38.60
41.00
43.40
15.20
11.20
42.10
33.20
26.50
11.70
20.60
17.60
10.40
16.10
19.50
37.80
13.40
29.20
28.50
20.80
41.40
23.10
36.70
42.20
26.90
11.20
27.10
31.10
15.20
11.90
34.30
37.50
25.10
15.00
28.80
12.30
11.80
43.60
11.00
13.20
31.00
30.50
26.90
28.90
30.80
21.70
40.40
17.40
16.50
34.40
28.50
38.70
33.80
32.30
41.00
19.60
43.90
25.20
26.20
42.40
11.30
43.50
28.20
36.90
25.10
32.40
23.80
43.60
10.80
43.20
36.10
26.40
42.60
36.30
40.10
35.30
10.70
40.00
32.80
38.40
34.10
17.30
23.60
37.20
30.70
16.40
13.00
37.40
25.80
42.30
31.20
26.40
16.60
13.90
31.90
40.50
26.10
25.70
33.60
21.90
26.50
30.10
10.10
31.40
39.00
18.00
14.40
16.60
35.00
15.80
41.80
41.10
25.10
11.90
32.00
20.70
15.20
29.70
12.50
35.40
35.20
16.70
15.70
17.70
19.90
18.90
34.20
14.10
24.50
20.30
12.40
19.20
22.50
24.00
41.20
36.10
41.00
33.70
44.30
16.40
10.40
31.90
16.10
41.10
26.50
27.90
38.60
39.00
16.60
23.50
29.70
29.10
39.30
40.80
11.30
43.10
34.30
25.50
18.50
21.20
21.40
17.30
23.30
23.00
15.10
17.70
36.20
29.30
44.80
27.10
33.20
27.30
16.00
38.40
44.60
31.70
17.90
18.90
15.00
36.90
36.20
23.80
39.90
24.00
19.70
23.90
11.70
44.50
16.90
15.60
38.30
32.20
16.60
17.00
27.40
17.80
27.10
31.20
31.70
36.50
25.80
18.70
30.80
42.40
39.30
15.60
31.90
35.60
34.50
25.10
34.70
35.50
30.90
21.60
31.70
12.70
41.00
42.80
41.20
44.10
33.20
16.20
13.70
14.70
31.60
16.20
14.70
34.40
34.80
28.90
42.30
34.30
23.40
22.60
29.70
11.00
22.30
19.40
31.70
37.20
15.30
19.40
15.80
11.30
36.40
37.10
12.90
26.40
20.00
12.10
35.80
31.60
21.00
42.40
23.20
22.00
24.80
11.50
18.20
22.20
28.50
29.60
24.10
29.10
37.80
10.50
16.00
10.70
39.00
44.30
35.90
29.20
38.00
34.10
18.90
43.40
37.70
33.60
21.50
17.20
28.30
22.50
10.00
40.60
12.00
23.70
15.30
16.50
36.10
28.90
44.20
36.20
37.80
17.50
31.90
43.80
10.70
30.50
27.10
39.60
15.30
13.10
23.40
40.60
29.80
43.60
31.70
12.90
44.20
32.70
41.90
15.60
44.20
44.80
25.50
39.20
34.50
21.70
14.90
23.20
28.30
39.00
42.10
33.70
11.30
32.10
14.30
22.00
32.30
13.70
36.40
27.40
35.70
41.10
30.60
22.40
24.90
13.90
10.80
15.40
20.40
35.80
36.50
14.20
29.30
42.10
40.30
26.00
43.90
40.80
25.70
29.90
22.50
33.10
13.40
28.10
29.00
27.40
43.20
31.20
16.90
18.70
42.00
24.30
24.90
28.30
33.20
37.20
30.90
34.40
19.00
26.20
18.50
15.50
31.20
10.00
29.60
15.20
16.10
31.60
18.70
13.40
11.80
32.70
18.00
17.00
28.60
35.80
27.40
39.20
15.30
13.10
15.20
14.20
41.50
41.70
22.40
19.50
40.40
16.90
33.60
10.00
27.10
43.60
27.10
36.30
11.10
23.10
33.80
22.90
18.20
11.60
26.30
28.40
35.30
20.00
37.90
35.00
17.40
14.00
39.70
31.90
26.10
22.90
24.40
15.40
34.20
29.80
23.70
42.30
17.40
15.20
36.60
18.20
35.10
43.40
22.30
20.60
19.40
30.20
12.20
39.40
10.90
13.10
27.50
16.50
33.40
12.10
12.90
42.90
26.40
41.10
28.70
34.90
10.20
25.50
40.60
24.20
40.90
40.70
18.70
15.40
14.00
40.00
28.90
24.20
13.50
28.30
39.30
15.00
22.80
41.00
33.50
16.60
13.60
11.50
40.00
36.70
32.10
40.50
21.30
26.90
15.90
12.40
37.30
14.70
29.10
15.50
18.10
41.50
11.90
25.50
36.10
35.20
44.10
17.40
18.90
19.60
27.30
30.50
38.00
30.50
32.70
42.50
42.20
12.10
32.20
34.50
28.80
18.20
17.10
30.00
29.50
35.20
14.90
42.20
16.00
40.50
16.40
13.20
27.90
10.40
31.30
44.30
36.70
40.30
20.50
11.50
20.80
27.70
43.00
35.80
14.00
20.70
14.10
41.60
23.30
38.20
11.10
39.80
22.80
28.10
40.10
30.20
39.80
40.50
10.70
20.30
15.10
26.80
12.90
32.40
24.40
19.20
20.50
25.70
24.30
17.30
37.00
34.20
23.60
35.90
19.30
43.30
29.60
12.00
44.20
38.20
32.00
45.00
12.70
43.30
44.40
10.90
24.20
34.80
31.70
17.50
30.30
21.10
23.10
10.60
13.30
22.90
28.30
27.00
38.10
18.50
42.20
27.70
20.80
43.10
22.40
32.20
16.00
21.10
24.30
15.00
23.70
30.40
17.70
27.70
27.90
18.40
34.80
22.30
33.20
20.20
15.40
10.80
15.80
11.70
12.40
23.80
28.10
35.20
26.80
42.30
24.70
42.10
11.50
38.00
21.20
31.10
29.90
38.90
19.00
40.70
11.00
39.90
38.60
30.50
37.40
33.70
25.80
27.50
37.20
12.30
14.50
23.90
24.40
17.40
37.00
44.80
11.70
18.00
39.40
23.80
41.60
33.30
44.60
44.90
40.40
44.80
33.60
13.10
31.30
12.40
16.30
43.40
25.90
39.20
12.90
40.30
33.20
22.80
32.70
43.00
34.40
10.70
30.20
19.70
22.50
38.70
15.00
23.70
33.80
14.90
11.00
30.70
19.40
21.10
37.30
36.00
24.60
31.10
13.30
16.00
14.10
32.30
25.90
33.60
26.10
23.20
14.30
41.80
42.90
12.90
11.20
24.50
33.10
39.10
12.40
10.70
16.50
24.40
12.80
39.00
13.20
20.10
24.80
15.50
28.00
32.00
18.30
36.30
30.20
40.10
36.70
16.50
36.50
43.60
30.70
42.60
11.60
42.20
15.60
42.50
37.80
15.50
38.10
37.20
42.80
43.90
29.00
24.60
24.10
44.20
11.00
20.60
30.30
34.10
11.30
38.60
34.50
13.60
41.60
24.80
13.70
34.30
20.00
19.40
25.60
11.40
23.80
35.70
42.80
26.60
40.10
28.80
22.30
11.40
30.90
27.10
35.60
12.00
42.00
42.30
34.70
27.00
15.20
23.50
31.00
22.30
22.00
26.40
27.80
27.40
30.50
41.50
32.30
15.60
21.80
35.00
39.90
39.10
38.80
41.90
34.90
13.50
35.20
36.90
36.30
23.70
38.90
25.80
30.80
17.60
44.80
43.00
15.70
43.40
41.00
12.50
35.20
14.60
38.40
20.40
42.30
44.20
39.00
19.70
14.50
19.20
20.10
11.30
25.60
12.30
35.50
13.30
12.90
22.40
15.30
10.30
33.00
27.30
12.90
35.30
27.90
35.20
42.90
37.20
34.00
30.60
14.40
10.30
20.30
36.00
37.80
27.30
24.90
14.90
16.80
16.70
37.30
27.20
19.00
30.30
37.60
19.30
14.20
34.40
38.60
21.70
37.40
43.80
36.50
17.80
18.80
29.10
32.70
29.60
17.00
17.80
13.20
33.60
36.10
34.30
15.30
12.00
17.10
39.00
36.40
26.70
24.80
20.20
14.60
35.30
33.50
13.80
29.90
35.90
15.00
19.30
44.80
10.30
42.60
30.60
18.10
36.80
30.70
22.20
14.00
42.70
28.70
42.90
30.70
44.90
10.10
13.00
29.00
40.90
23.90
40.40
21.50
19.70
31.00
44.20
17.80
39.50
34.20
32.30
12.20
30.10
23.10
22.50
13.60
28.40
38.70
12.40
18.00
43.20
32.70
11.50
14.30
13.90
36.80
28.60
33.80
32.60
18.60
15.70
21.00
30.00
42.90
33.80
14.50
22.90
20.50
15.40
25.40
38.10
29.60
17.40
43.10
22.90
28.70
25.40
34.40
15.70
32.60
44.10
42.50
31.60
16.10
27.50
28.30
38.70
38.40
15.00
27.20
44.70
33.30
34.30
34.90
32.30
34.20
11.70
24.20
24.50
24.50
38.50
11.50
13.80
37.10
18.50
23.20
31.60
39.40
23.50
30.70
18.80
41.20
15.80
42.20
35.90
27.70
10.50
23.50
24.90
21.80
24.80
24.70
32.20
13.20
18.60
22.90
16.70
44.30
12.00
16.30
20.10
39.80
21.80
16.50
32.30
12.70
33.60
11.40
39.60
33.80
13.80
21.20
17.60
10.40
21.50
20.90
18.10
34.10
19.10
10.10
27.50
25.70
36.00
41.00
37.40
42.90
33.20
21.10
38.00
14.70
24.90
43.50
31.00
42.60
30.60
43.90
18.60
27.30
40.00
37.20
13.60
12.10
13.30
17.70
19.30
40.60
15.90
31.40
34.40
27.50
12.40
13.70
29.10
32.90
11.50
27.60
23.90
26.20
33.30
19.10
28.90
12.00
14.40
14.80
25.00
38.30
42.30
16.70
42.10
22.50
27.30
40.60
14.50
23.20
36.60
13.50
34.50
42.60
24.50
18.30
27.90
41.30
11.50
25.10
35.00
36.80
25.70
16.10
19.30
39.70
27.10
35.70
10.70
43.90
23.40
27.20
15.20
43.60
32.10
34.20
44.90
26.00
13.50
35.40
11.00
10.20
29.90
27.50
14.70
13.00
31.50
15.20
44.20
28.90
34.40
12.30
29.50
14.40
37.30
39.50
25.90
32.70
20.90
24.10
42.00
33.00
14.70
14.00
41.80
42.10
43.40
28.80
44.10
22.90
32.10
13.40
28.30
28.90
33.50
44.60
13.20
15.50
12.90
18.90
26.60
38.50
28.40
28.10
29.10
33.00
18.50
38.60
37.30
24.00
29.00
40.10
21.80
25.20
22.90
35.00
21.80
38.90
23.60
31.00
17.70
26.70
41.90
15.80
10.20
14.60
43.40
10.80
35.60
30.70
19.20
42.50
21.30
40.70
38.90
44.10
36.90
43.50
30.00
23.90
29.20
10.60
41.50
36.70
41.30
24.90
28.10
21.40
29.90
25.20
22.70
29.90
28.70
14.20
24.20
29.20
44.00
39.90
40.00
25.00
11.30
20.00
10.00
41.50
38.30
16.30
37.70
34.20
17.80
29.40
39.30
13.50
41.10
32.10
26.50
25.90
18.00
42.00
11.80
41.10
40.70
19.00
36.70
30.40
10.70
16.10
14.50
36.30
17.30
27.50
43.70
34.90
16.20
37.30
43.80
13.50
28.50
43.80
24.30
16.80
33.30
13.40
36.20
28.80
19.00
14.20
43.90
18.30
40.30
18.10
22.00
42.00
11.70
27.50
31.00
21.70
40.40
17.60
32.40
18.50
18.20
44.60
27.40
24.80
12.50
22.90
28.30
37.20
24.30
13.60
16.20
39.60
32.10
38.60
15.50
34.70
44.40
35.20
31.80
30.20
14.60
30.50
33.30
39.40
22.60
42.70
23.50
14.10
44.90
19.20
15.70
27.30
40.10
44.30
37.40
20.00
22.30
24.70
15.90
40.20
12.60
26.70
10.40
27.20
23.80
23.80
34.30
22.70
27.10
13.80
31.50
40.10
11.80
35.40
44.60
14.30
18.50
25.10
23.60
32.50
44.20
23.00
32.20
15.70
41.30
34.10
40.20
30.30
28.20
18.60
11.30
21.10
41.60
41.10
12.10
10.00
26.50
24.30
41.30
34.50
41.50
13.20
39.40
41.30
36.80
32.80
13.00
41.00
31.30
26.20
39.30
19.50
20.40
14.90
23.10
16.80
21.90
26.10
26.70
21.40
19.80
35.00
23.70
27.10
32.10
16.00
34.90
10.40
27.30
31.70
17.90
33.50
10.90
34.90
18.30
19.60
29.90
27.80
37.10
34.10
40.40
16.60
35.20
25.30
11.30
38.00
23.60
16.70
33.70
34.60
28.60
42.90
31.50
42.50
42.00
24.10
30.50
27.80
35.10
16.10
38.20
34.90
26.70
22.30
39.50
30.40
15.20
15.50
19.60
14.50
10.80
37.30
32.60
35.40
42.40
17.10
14.30
38.30
18.90
28.30
23.40
21.70
27.00
44.90
43.00
31.20
33.70
18.60
24.40
25.00
34.90
39.00
25.60
34.70
15.10
15.00
34.90
37.00
10.70
31.80
34.80
39.40
42.30
40.20
20.00
10.10
15.00
29.10
10.70
20.20
26.10
23.60
32.20
19.60
44.40
37.40
43.60
31.90
42.50
40.10
18.30
10.90
34.30
20.00
16.40
32.40
38.30
37.90
41.20
22.30
35.10
41.30
17.30
19.80
39.50
41.70
37.00
22.30
40.50
36.00
43.40
25.50
30.00
17.10
35.90
21.90
38.90
37.00
18.90
22.70
33.80
41.40
41.00
19.30
29.80
43.40
21.20
28.80
28.00
31.20
37.90
11.80
44.70
38.60
14.80
27.20
44.70
28.20
40.90
25.80
21.60
36.10
11.10
39.40
23.00
16.80
16.40
32.00
27.40
44.00
16.20
13.90
31.60
34.00
38.90
13.80
32.10
24.90
32.10
10.60
30.50
41.60
29.50
27.70
38.50
39.90
39.40
40.30
36.90
40.10
30.50
37.50
42.40
30.70
39.00
18.90
21.00
14.00
21.20
37.40
10.30
10.40
15.30
19.60
43.90
32.70
10.30
25.70
40.70
22.30
17.60
19.60
41.60
43.40
26.00
33.10
35.20
15.90
44.40
29.40
38.40
38.90
28.70
15.40
29.50
37.00
41.30
35.90
19.90
39.00
22.20
36.60
20.60
38.90
23.50
17.00
10.40
10.30
25.40
10.50
19.90
17.90
41.90
43.60
42.10
29.30
26.30
16.60
32.50
40.70
24.10
18.40
43.70
26.60
40.80
26.40
22.60
12.10
22.90
27.50
40.40
37.20
12.50
12.00
43.50
41.80
34.40
19.50
16.10
13.50
15.30
41.00
19.00
37.40
37.50
10.60
26.80
19.10
37.70
30.60
33.60
30.30
21.40
22.20
24.20
36.20
34.20
39.30
27.00
43.50
33.90
37.00
37.80
17.50
29.60
29.70
14.40
15.70
16.20
29.10
38.20
44.80
40.60
42.80
44.60
37.20
10.00
34.50
11.30
28.10
28.00
12.00
25.20
11.90
12.90
40.70
32.20
44.80
35.00
36.50
29.30
17.50
32.90
40.30
13.80
35.50
33.90
15.60
12.30
32.10
43.30
23.20
25.00
31.00
31.50
26.30
18.50
42.40
17.90
29.10
15.30
27.50
44.90
28.10
17.90
36.20
12.80
30.80
20.00
33.70
17.20
29.10
26.40
21.00
15.20
41.30
38.30
42.60
12.80
36.30
23.00
15.70
41.70
10.60
21.00
14.40
38.60
15.80
45.00
25.70
30.60
36.00
20.30
34.80
10.10
27.50
11.90
17.00
34.30
18.40
29.50
21.80
12.10
26.50
26.10
20.60
37.80
19.70
18.40
17.70
14.30
40.70
43.30
26.10
18.40
34.20
17.30
28.60
32.50
30.30
30.40
40.30
31.90
27.50
30.70
29.50
28.60
28.80
24.70
19.40
44.40
41.20
13.80
13.70
18.40
39.70
11.60
12.00
43.10
22.80
15.60
17.60
40.40
30.50
44.50
19.00
31.20
36.40
13.80
17.00
14.30
39.00
35.30
34.50
37.80
11.50
42.60
31.50
30.90
24.30
31.30
31.90
23.30
41.40
17.20
16.70
38.00
41.10
16.40
12.50
11.60
40.90
21.60
10.30
42.00
11.60
44.30
43.50
26.60
28.80
23.80
12.00
11.60
22.80
44.70
14.80
14.60
21.90
17.60
10.70
42.50
34.30
10.60
36.40
26.00
39.00
13.70
28.60
43.40
32.60
37.20
23.50
12.10
13.30
38.30
31.70
34.30
23.70
44.00
32.40
36.80
41.20
32.00
42.20
20.20
11.80
31.90
35.90
32.60
44.70
29.00
13.60
36.60
23.20
23.20
36.70
17.60
37.40
40.30
40.30
10.30
13.60
35.50
11.60
13.50
29.20
20.10
13.50
30.20
21.90
14.30
33.00
24.10
19.90
17.20
41.80
29.30
30.60
35.10
33.90
20.10
34.70
42.10
19.90
16.60
20.50
32.70
42.70
31.90
25.40
38.40
11.90
12.50
27.10
34.10
26.00
13.10
32.90
32.00
17.60
15.60
24.20
11.80
19.40
30.00
38.10
14.50
22.90
11.30
41.10
16.90
18.80
32.70
11.90
15.60
35.00
26.90
16.40
39.60
39.00
33.90
17.80
41.10
41.00
15.70
30.90
20.70
25.70
33.40
42.50
27.30
21.80
30.40
29.70
27.70
29.00
12.40
32.30
39.20
12.80
36.00
44.00
39.70
36.60
29.80
11.70
36.50
43.80
41.80
37.80
35.90
17.30
43.50
12.30
32.90
13.00
36.60
26.30
16.10
42.70
36.80
15.90
37.30
20.60
19.30
26.00
44.20
20.20
18.70
33.30
10.10
10.90
17.00
19.30
29.60
10.50
23.10
34.80
41.10
16.20
40.30
32.70
14.80
26.30
38.90
11.20
23.80
15.80
37.50
28.80
43.20
33.70
23.30
35.10
38.20
30.70
41.80
17.70
35.70
19.50
19.70
33.20
43.00
25.70
31.20
38.20
38.60
38.60
11.70
21.10
33.10
12.50
18.80
34.50
38.60
38.50
44.90
37.80
27.10
38.20
16.80
36.20
34.10
11.70
28.20
38.90
35.30
27.50
35.00
32.20
27.60
28.60
43.60
33.70
12.60
32.90
15.60
21.70
27.50
33.20
25.60
18.20
12.30
12.60
14.90
14.20
12.90
24.30
36.50
44.80
16.90
38.00
25.70
10.00
23.90
12.90
16.10
43.70
23.20
10.90
27.10
23.60
43.50
17.10
26.60
34.50
14.20
21.20
23.00
18.80
23.50
22.20
44.90
17.10
26.40
42.20
26.70
35.50
31.00
