28.60
27.20
11.00
38.40
32.00
28.20
32.00
18.30
27.30
11.80
27.80
41.00
18.20
10.40
19.40
20.30
43.50
30.80
43.20
12.70
18.10
16.40
19.30
41.50
27.20
32.60
24.10
23.50
28.60
32.60
26.00
27.40
18.70
33.80
40.20
12.30
42.20
11.30
34.50
12.60
40.70
10.60
43.00
15.00
33.60
32.10
40.00
12.10
14.40
41.60
10.00
37.30
22.60
28.90
42.50
20.80
25.20
28.70
11.30
34.40
20.60
15.80
12.70
36.40
16.10
21.30
27.70
43.40
10.80
37.30
43.70
29.80
19.00
21.00
31.30
38.70
24.40
20.30
18.00
14.80
39.40
28.80
17.10
13.50
31.20
22.00
22.00
35.80
43.20
16.80
18.60
17.30
29.40
10.90
26.20
25.40
11.90
42.40
19.70
35.30
35.00
28.70
27.00
33.90
12.30
24.00
24.90
36.70
12.30
31.00
24.50
27.30
21.20
17.40
41.30
29.20
35.20
11.00
13.60
23.60
31.10
19.70
21.70
39.10
34.30
11.90
22.60
33.30
17.80
34.50
25.10
34.00
37.70
18.80
43.10
31.10
36.10
38.60
38.90
24.80
35.00
25.50
40.00
31.10
38.70
34.90
37.70
14.50
44.50
30.50
19.40
22.00
18.00
25.00
42.30
40.50
41.40
25.40
38.00
29.90
44.30
40.00
35.30
32.00
28.90
29.30
40.00
13.60
15.20
20.50
17.90
27.10
43.40
44.30
41.80
43.30
19.80
35.60
13.60
21.10
30.00
26.40
41.30
44.60
40.50
18.10
32.90
20.70
16.00
38.50
12.30
30.90
28.90
43.40
13.70
35.10
12.20
27.60
16.10
11.30
24.20
44.40
38.20
23.30
40.10
19.70
16.10
21.80
23.60
36.30
44.60
34.90
43.90
30.50
40.70
22.80
18.60
21.80
20.20
44.90
14.40
35.10
11.00
24.90
28.80
35.60
29.80
12.50
21.90
33.50
29.40
20.70
11.60
14.20
11.10
26.50
33.70
38.90
24.00
12.70
31.90
29.10
22.00
38.30
10.70
39.90
19.20
41.90
32.30
35.60
12.10
29.50
40.40
30.20
38.00
32.80
42.50
27.80
17.00
25.90
10.00
31.00
42.30
27.30
19.90
42.90
39.40
31.00
44.90
30.50
21.50
16.00
43.70
42.70
17.20
24.80
26.60
19.10
41.10
10.80
28.60
36.50
21.00
32.00
25.80
22.40
24.00
36.30
27.00
42.40
36.50
33.10
33.40
16.90
35.10
10.20
10.80
17.00
32.80
22.40
18.30
14.20
20.80
27.50
39.50
26.00
38.70
40.60
31.90
29.60
36.60
11.20
23.80
19.10
40.00
38.60
11.50
14.20
42.60
36.80
39.70
23.70
29.10
19.60
31.30
26.60
26.90
30.50
33.40
42.30
31.40
13.20
25.50
28.70
35.50
41.60
24.70
20.40
19.60
44.80
20.40
29.40
30.20
28.90
42.90
28.20
26.60
40.60
34.80
22.10
27.50
42.90
29.60
17.00
24.50
43.40
45.00
37.50
16.40
36.40
27.10
44.90
19.00
40.30
34.70
29.50
27.40
17.20
16.10
33.50
24.30
14.00
22.60
29.70
37.20
27.00
14.30
28.40
14.70
22.40
33.90
41.00
18.60
34.20
30.00
17.10
44.90
20.60
31.40
23.30
22.20
11.40
29.90
41.70
43.60
33.00
16.30
18.30
32.90
15.70
13.90
18.60
36.70
25.50
22.50
32.70
10.30
24.50
19.10
31.30
25.80
19.30
18.50
12.00
30.10
20.90
28.90
28.10
38.40
13.50
13.00
19.20
40.00
11.90
13.30
31.30
21.70
41.50
43.20
36.50
14.80
29.10
11.90
30.00
17.30
23.30
38.90
21.30
43.50
38.00
14.10
21.80
35.90
42.50
44.50
22.60
14.70
14.30
13.40
17.60
31.40
11.80
37.70
39.00
18.90
35.50
10.30
28.40
35.70
13.10
26.10
26.20
34.70
11.10
17.00
10.20
31.80
17.00
34.90
13.60
34.40
17.70
33.70
31.70
44.40
21.90
22.70
11.40
20.30
37.90
10.00
37.30
28.10
34.90
31.30
29.80
24.00
40.90
14.70
44.80
43.80
14.00
21.20
12.40
28.80
25.90
24.10
36.50
32.00
21.40
19.90
29.90
23.00
40.10
41.60
10.40
38.20
23.40
21.80
24.70
42.20
39.20
41.70
41.00
19.60
39.10
18.30
33.20
26.00
11.00
33.70
30.30
30.40
10.80
40.50
31.20
30.30
12.40
39.90
21.10
17.40
16.90
30.30
22.40
44.80
14.70
41.40
43.20
44.50
18.40
43.60
43.80
36.80
30.70
28.90
32.60
44.80
32.50
22.20
25.70
31.80
11.60
44.40
25.60
44.30
32.80
28.10
25.70
24.90
30.20
31.40
23.90
30.40
25.00
38.90
22.40
12.70
12.40
10.40
12.50
17.40
39.60
42.20
34.20
31.20
40.30
28.80
16.20
10.70
42.00
42.40
17.40
15.50
12.00
11.30
31.00
29.70
11.00
20.20
26.60
33.50
41.50
36.90
20.90
15.20
44.90
31.90
41.80
39.60
20.10
28.00
11.90
37.40
17.70
21.70
31.90
28.10
14.70
29.20
32.50
20.00
10.60
25.20
29.60
24.80
18.50
24.70
44.30
43.10
31.90
10.00
22.50
25.80
22.10
40.10
37.30
15.10
31.00
11.60
20.00
17.50
10.40
35.70
43.20
33.10
31.50
12.90
37.90
11.60
43.80
27.30
14.50
36.00
29.20
30.60
26.30
18.50
16.20
30.10
26.60
25.10
42.70
31.10
16.80
15.30
42.70
20.70
17.50
34.20
37.30
27.30
41.60
23.90
11.00
20.50
28.50
44.20
35.30
40.40
34.50
23.70
36.30
33.90
22.80
15.00
12.30
13.40
28.90
33.70
26.20
34.80
23.40
17.20
18.10
36.30
25.80
26.90
44.90
21.30
30.00
34.00
37.30
37.20
23.10
12.00
17.00
32.00
15.10
40.80
18.10
10.70
23.70
12.00
36.80
31.50
38.60
40.10
26.30
29.00
42.60
14.90
32.00
17.70
39.80
29.70
25.10
10.10
14.70
25.90
12.70
41.90
16.00
42.30
27.80
30.60
42.50
32.50
37.60
15.40
27.90
37.70
25.60
20.60
12.40
11.60
17.90
16.50
30.60
16.50
10.10
43.30
24.20
38.70
26.00
38.70
25.10
43.70
28.70
34.70
19.70
35.10
33.50
44.80
27.80
44.70
36.70
10.40
34.40
35.10
25.90
28.60
31.40
13.20
40.70
14.80
42.80
44.10
23.70
39.80
21.10
14.50
15.60
18.60
34.60
37.80
32.70
27.40
26.10
20.30
11.40
37.30
27.50
17.60
38.10
41.70
30.30
13.30
30.80
22.30
38.00
25.30
20.70
27.20
28.70
33.70
32.40
14.80
19.70
36.70
14.60
13.80
34.50
25.90
28.50
25.90
29.80
41.30
26.40
41.60
21.30
11.70
31.30
29.70
40.00
37.80
42.00
19.70
26.60
42.80
14.20
27.00
40.70
39.10
35.70
26.30
28.80
13.40
14.60
28.20
23.30
30.10
11.30
21.30
20.10
20.70
14.80
40.60
35.00
12.20
10.90
43.80
43.80
12.30
18.70
39.90
15.00
35.10
22.40
36.10
13.70
34.30
39.10
42.70
40.80
33.40
22.70
33.40
14.20
15.50
14.50
18.30
12.50
16.10
43.10
37.60
21.70
21.80
31.30
36.20
40.00
14.20
36.90
36.10
16.30
16.10
43.80
17.90
44.50
31.30
39.80
42.60
22.90
15.20
33.50
26.90
32.90
41.50
12.20
39.30
35.40
34.20
13.70
23.10
27.40
36.90
20.40
15.80
10.70
25.70
30.30
34.70
14.30
21.70
41.10
44.50
30.00
17.80
17.10
43.10
18.80
21.20
43.80
26.40
39.80
41.60
42.70
26.00
16.60
40.70
40.10
42.10
44.80
26.30
13.80
28.00
25.40
44.90
10.80
14.50
32.20
44.90
38.00
35.90
31.00
23.30
24.70
18.20
35.40
23.00
24.10
39.40
40.60
17.50
31.30
39.00
39.90
19.30
35.60
37.90
31.00
24.30
27.70
13.60
10.90
34.20
39.20
42.90
25.90
12.20
15.20
44.10
20.10
35.90
25.90
10.20
40.80
41.20
23.70
36.20
17.60
23.90
29.00
38.60
32.50
39.10
32.70
44.20
37.40
18.10
38.90
18.80
33.30
33.60
19.90
42.60
13.30
27.80
30.00
10.80
35.10
36.00
18.30
12.50
31.40
34.60
17.40
14.20
15.70
32.80
23.90
34.00
42.20
13.00
11.90
15.70
39.30
33.20
33.10
42.90
43.80
32.70
27.90
37.00
10.70
42.40
13.50
25.50
38.90
24.30
28.50
34.60
22.30
41.50
40.80
13.30
18.20
29.00
44.90
14.00
44.50
16.30
38.50
14.60
12.40
15.80
34.60
32.20
44.40
19.10
29.90
33.30
40.70
21.90
23.90
31.40
32.10
10.00
27.70
28.80
38.70
31.20
11.80
18.10
39.40
40.70
40.40
14.90
44.40
16.70
42.50
15.20
15.60
43.20
39.20
28.90
26.00
29.50
37.70
10.70
32.90
37.40
37.80
29.70
35.40
40.30
29.40
26.40
16.30
29.20
42.30
25.30
21.30
41.50
41.30
44.80
34.30
37.20
10.60
35.30
44.60
45.00
10.90
42.10
41.70
11.10
31.50
34.10
30.20
43.60
26.70
42.30
20.50
22.50
22.50
13.00
37.80
36.10
25.90
27.60
14.00
12.90
40.70
16.90
26.50
33.40
24.90
34.50
17.20
17.40
38.60
40.60
27.50
30.30
35.00
19.00
20.20
44.80
19.20
44.80
17.50
15.70
33.30
38.90
36.10
32.50
30.10
25.70
43.20
13.20
28.70
10.30
38.80
44.70
32.20
24.50
38.60
39.50
21.10
24.80
17.80
33.10
11.80
28.30
32.50
27.40
12.70
18.50
18.20
26.10
36.30
29.90
23.50
35.90
26.60
17.70
20.30
33.90
24.60
17.00
20.70
27.00
10.70
14.90
35.80
30.00
22.90
40.90
43.20
38.50
17.30
20.60
25.10
13.10
28.20
42.50
44.50
37.20
27.40
23.40
31.90
11.60
18.40
31.70
34.90
42.70
29.70
27.30
39.60
34.90
27.00
20.40
11.20
12.10
16.10
20.10
21.70
33.10
21.90
10.30
21.20
37.00
31.40
25.60
44.20
10.00
40.80
23.40
25.80
32.80
21.60
18.80
39.20
33.30
25.60
42.50
27.10
38.20
11.80
18.40
36.90
25.70
43.00
38.90
27.70
18.70
30.60
30.30
40.00
42.30
38.00
43.80
45.00
10.10
31.20
42.60
23.80
21.60
13.00
32.30
14.40
26.20
42.30
35.90
24.20
13.50
42.10
26.90
29.70
31.20
11.70
36.80
31.10
23.80
40.00
25.40
36.10
30.50
39.60
12.30
29.60
28.80
14.00
30.20
14.40
28.20
41.20
17.00
17.10
39.80
40.10
23.00
24.30
34.50
38.20
42.40
33.50
16.70
34.10
28.20
31.50
11.00
34.80
35.10
12.60
19.10
28.80
19.20
14.40
30.30
39.90
33.60
30.00
31.20
24.60
13.50
13.70
39.10
37.00
29.30
21.20
30.00
12.00
13.30
27.50
21.10
12.40
16.90
27.50
11.90
29.90
30.70
33.80
20.20
18.30
15.70
15.10
27.10
14.40
23.00
33.50
20.70
32.10
12.10
45.00
29.50
17.70
17.60
40.30
26.80
41.30
12.20
41.50
42.70
14.90
14.90
10.50
40.30
14.20
39.70
28.10
26.70
41.60
28.80
14.40
25.80
39.70
44.20
31.20
42.30
35.00
31.10
17.00
19.00
17.40
37.50
41.90
40.30
13.70
39.80
19.50
38.50
39.70
37.90
19.30
20.70
15.30
40.30
28.60
15.40
21.90
42.90
42.10
37.80
33.80
38.90
30.40
19.80
23.00
41.80
13.70
12.80
23.10
15.30
41.70
20.70
22.30
18.20
36.00
18.60
26.00
40.00
28.40
22.30
35.40
41.60
23.70
25.30
14.70
31.00
40.30
22.90
10.40
22.40
43.40
38.50
41.30
27.10
19.90
42.20
21.30
40.40
40.40
12.70
12.30
36.20
25.90
39.00
13.30
31.20
38.60
38.00
44.50
38.20
19.70
13.60
10.10
20.30
34.00
12.80
43.10
19.00
23.30
23.80
26.60
11.50
44.50
38.90
35.40
13.70
43.10
29.20
10.50
25.00
24.40
27.30
42.50
15.30
38.10
11.90
25.90
10.40
26.90
40.50
42.80
22.70
29.40
12.40
27.70
27.10
19.70
15.80
42.40
36.20
40.20
29.30
37.50
17.10
22.20
27.60
43.50
18.90
18.50
34.30
37.50
34.80
27.00
17.40
19.20
14.40
43.80
40.30
28.20
17.20
22.50
10.40
10.70
43.10
42.80
39.60
21.90
15.20
33.00
27.40
13.80
20.20
36.60
23.80
14.80
25.90
42.30
30.70
24.30
29.10
40.00
31.90
43.50
33.80
43.30
43.50
14.10
37.50
32.60
19.80
22.80
18.60
16.70
42.50
36.80
11.30
16.50
39.40
15.90
21.50
25.70
10.80
39.80
20.10
43.90
30.30
14.50
25.50
32.00
12.20
12.40
27.90
31.30
17.80
13.50
44.40
33.10
13.60
38.70
10.90
35.70
10.70
10.30
23.40
10.30
12.80
35.40
22.90
36.00
17.10
25.70
13.90
17.20
28.80
37.80
32.80
12.30
43.60
18.50
20.20
34.10
28.60
32.50
30.70
15.80
23.90
13.70
28.90
26.70
23.00
12.10
19.10
30.80
19.60
35.30
42.60
10.10
18.80
44.30
44.20
14.40
10.30
39.00
12.00
19.70
28.30
18.90
38.60
15.80
30.80
14.50
10.00
20.60
22.40
37.00
18.20
28.70
17.70
29.80
42.20
15.30
23.30
28.90
44.30
36.20
12.30
17.20
16.40
36.60
10.80
42.20
24.70
40.90
24.60
30.70
24.00
13.40
33.50
44.30
17.70
13.00
17.40
23.90
16.40
41.10
25.60
18.40
29.20
33.90
23.50
13.70
12.70
19.50
37.20
21.70
40.80
17.60
26.00
30.30
41.70
43.90
17.30
22.10
24.50
36.00
12.50
35.60
33.30
33.70
22.30
13.00
27.20
44.50
39.60
17.30
33.00
42.30
30.80
41.60
28.20
12.90
19.80
38.80
17.00
20.00
22.80
16.00
24.70
12.60
44.50
16.70
13.90
24.00
21.30
13.80
17.10
24.70
41.90
24.70
36.70
21.10
39.20
14.50
32.30
44.30
27.40
17.90
18.50
17.20
24.50
13.00
34.60
25.10
16.10
31.00
40.50
37.00
20.20
37.80
11.90
15.40
41.70
43.20
37.90
43.20
19.70
10.20
29.70
15.50
38.70
27.30
29.40
44.30
14.50
16.40
24.90
12.30
11.80
12.30
35.10
30.60
32.50
15.20
28.40
26.40
39.90
22.90
43.60
24.20
22.70
44.50
40.50
43.50
12.50
38.60
10.50
28.40
12.60
39.50
42.30
31.90
38.10
10.70
20.60
27.60
19.10
19.00
39.30
35.40
36.60
38.50
21.30
33.20
19.40
17.90
24.20
29.70
25.10
18.60
37.50
42.40
25.30
37.70
44.20
19.20
18.10
34.20
40.30
31.90
13.10
12.70
27.20
29.80
37.20
24.10
38.30
40.20
29.60
39.10
35.20
42.80
16.60
32.30
19.80
14.50
28.70
41.30
30.90
42.10
37.30
34.50
25.50
40.30
39.00
21.70
29.50
20.40
39.00
10.90
30.00
26.70
13.60
11.70
33.40
24.80
43.60
20.90
28.40
25.50
40.80
20.30
15.00
41.50
38.00
31.30
21.40
35.30
24.50
12.00
30.40
20.50
34.20
26.30
14.30
22.90
26.60
44.00
30.00
44.10
16.40
18.00
26.30
19.20
12.20
32.60
24.60
18.50
42.10
26.00
26.30
22.80
42.10
16.30
30.80
41.50
38.10
15.10
40.00
16.10
36.60
28.40
20.50
22.20
39.40
44.20
12.80
17.50
36.70
25.20
39.90
43.40
43.70
40.70
17.00
26.60
37.10
27.90
20.70
18.40
36.70
40.70
23.80
20.20
28.20
21.00
22.60
10.00
17.00
19.10
17.70
16.90
24.00
23.40
29.50
15.50
34.90
40.00
10.30
41.10
37.10
17.70
19.40
36.30
12.80
40.30
13.00
37.50
19.70
34.50
17.20
33.30
44.50
44.30
34.00
11.40
23.10
41.50
11.00
27.60
38.40
16.20
25.50
37.80
21.70
41.00
22.80
25.50
42.80
29.30
36.30
19.90
18.90
19.90
11.30
11.90
38.90
12.10
28.90
38.70
39.10
40.40
20.10
13.00
42.60
24.60
44.30
17.10
26.20
23.50
31.70
38.50
24.60
41.50
33.20
26.90
26.10
36.70
40.10
27.10
17.40
32.60
36.00
36.10
10.90
28.50
34.10
34.50
31.40
14.40
12.90
38.60
22.40
36.10
19.50
39.00
13.10
23.40
33.60
43.90
41.20
15.20
19.80
29.30
10.10
42.00
34.90
12.90
13.40
25.80
15.20
15.10
26.70
27.00
42.00
26.30
32.50
30.00
13.30
24.90
28.00
36.00
41.90
41.60
30.80
36.10
10.30
39.50
12.20
30.60
14.60
19.00
35.10
11.60
19.60
17.30
36.30
36.50
34.30
11.40
20.70
20.30
32.90
26.30
44.10
18.60
10.30
12.20
44.20
42.40
26.50
25.90
17.20
33.10
33.30
30.90
29.00
33.20
22.80
21.40
10.60
12.80
15.60
38.40
26.60
19.40
27.70
34.20
22.40
38.90
18.00
29.40
15.30
37.30
38.20
19.60
25.40
31.50
16.20
40.10
35.60
29.90
32.80
39.90
11.90
42.10
41.10
11.00
16.50
41.50
29.10
18.10
40.40
12.40
15.60
10.50
11.90
35.50
33.60
20.40
32.30
17.30
31.00
15.50
28.10
33.00
12.60
37.40
28.00
26.70
28.30
17.90
15.20
30.60
35.40
37.80
43.10
23.00
10.80
23.30
19.20
22.50
36.00
35.30
38.60
11.60
44.80
29.80
30.60
21.40
27.80
27.80
31.10
27.80
24.20
23.90
37.90
33.60
42.40
35.20
17.10
17.00
30.20
23.00
43.50
22.30
17.10
42.00
25.40
41.20
18.10
31.10
14.20
11.40
32.90
39.10
27.50
28.20
13.40
10.70
23.40
22.10
12.50
28.20
33.60
29.40
23.40
24.80
30.00
11.80
41.80
31.10
30.80
23.60
44.90
18.10
26.70
42.30
18.90
15.30
43.40
15.10
37.00
21.80
20.50
40.90
35.70
44.30
30.80
10.20
36.40
29.90
36.80
34.50
15.10
13.90
15.80
23.00
14.50
15.40
25.70
36.90
17.90
22.40
45.00
28.10
34.30
30.70
26.20
26.30
39.50
32.00
25.20
32.60
15.30
43.50
37.00
36.40
30.60
32.50
16.60
17.20
21.30
32.80
28.60
27.00
40.30
14.20
34.20
35.70
38.60
20.50
32.40
25.90
21.00
32.50
25.60
31.40
12.10
34.80
25.50
10.00
41.70
31.90
17.00
41.40
18.20
35.30
43.40
36.40
26.60
41.30
27.50
40.20
17.60
11.40
42.90
11.10
14.40
42.00
24.30
29.20
29.60
24.80
18.00
23.70
41.80
42.30
39.20
27.80
15.70
18.20
27.70
42.10
17.40
43.60
44.10
18.40
39.20
32.40
27.20
19.60
26.30
39.00
11.60
25.50
23.00
22.50
39.00
10.30
34.80
29.00
30.20
16.00
14.00
22.60
23.40
32.40
27.00
16.10
18.00
34.20
41.40
39.70
12.80
27.70
21.10
38.80
41.10
38.50
29.50
12.00
26.90
22.90
31.70
44.20
20.60
20.60
34.90
28.30
27.60
29.90
41.60
40.50
14.80
16.70
35.50
17.10
39.10
26.70
38.80
18.70
16.90
16.10
31.00
43.10
26.50
33.80
20.20
10.70
18.40
20.40
12.30
37.60
31.10
25.70
22.00
40.10
42.00
35.60
18.30
40.90
33.40
37.80
11.30
40.30
36.00
27.10
10.80
44.80
26.40
15.80
31.70
42.80
29.00
38.40
40.30
41.30
36.80
37.80
10.80
41.20
31.60
30.50
27.50
41.50
26.20
34.90
10.30
27.70
22.30
12.30
20.90
42.40
37.80
14.10
28.50
44.00
16.60
33.60
14.70
16.30
32.10
17.70
39.40
20.10
41.40
21.30
26.60
22.90
32.90
21.20
42.90
11.00
40.90
17.80
33.90
24.00
38.60
12.60
40.10
16.10
44.00
29.20
37.10
42.40
40.00
11.20
10.00
31.90
11.40
18.80
11.60
34.00
34.20
32.60
18.30
44.30
20.60
30.30
19.40
11.90
31.30
35.90
17.90
27.50
33.50
20.50
22.20
33.60
42.00
42.50
22.90
23.10
18.90
38.90
19.90
10.10
13.90
23.20
29.40
11.60
21.40
25.70
35.90
14.80
21.50
38.60
25.20
32.70
32.60
11.80
43.30
39.20
16.70
30.70
36.60
31.20
26.70
24.40
38.00
14.50
26.40
35.60
21.50
17.20
17.30
13.70
18.80
41.50
16.30
44.60
33.80
16.90
40.60
28.80
14.90
23.90
17.80
31.00
20.00
41.30
31.60
18.10
28.60
32.40
32.50
20.90
41.90
35.10
26.70
11.90
25.00
24.00
30.30
39.10
40.40
44.70
21.20
16.30
39.90
37.20
20.50
18.00
21.10
34.90
25.70
34.10
28.60
38.10
37.90
26.50
15.60
40.20
44.80
11.60
29.70
24.30
20.50
15.70
40.20
23.40
11.40
33.00
12.80
23.40
39.20
44.30
41.90
20.20
36.50
12.40
19.40
26.20
36.00
17.30
41.50
39.30
13.80
16.10
35.80
24.40
38.70
14.10
14.30
16.10
18.40
34.10
21.20
43.50
44.00
20.90
15.90
17.90
22.60
42.20
16.50
22.10
21.90
44.00
15.70
30.30
14.10
15.70
24.50
32.60
12.20
13.20
43.30
24.40
28.50
25.60
32.50
18.70
22.30
21.90
23.10
37.80
39.30
27.70
23.90
10.00
14.10
39.90
34.40
20.00
22.30
39.10
16.80
41.30
34.60
38.00
37.00
37.50
21.10
39.10
19.20
27.40
38.00
15.90
10.20
42.40
43.10
14.70
37.30
35.50
14.10
20.90
33.60
37.90
11.30
33.20
27.20
17.50
36.60
36.00
11.20
31.40
40.50
41.20
42.00
31.80
10.50
27.40
27.40
42.90
11.10
18.80
44.90
32.20
25.10
23.00
13.60
23.80
37.90
11.10
25.80
31.00
26.70
30.70
27.90
22.70
28.40
39.90
31.40
23.20
14.20
24.50
41.70
41.90
27.10
22.20
17.90
41.60
37.90
31.10
12.80
44.80
17.30
12.30
43.90
35.40
43.20
25.90
21.00
42.20
23.80
37.10
14.50
39.20
34.00
20.60
24.10
28.00
38.10
10.00
14.00
16.60
20.40
20.30
37.60
26.90
33.50
17.60
33.30
27.80
21.70
26.60
13.80
22.30
10.20
28.10
29.90
32.20
44.30
34.50
21.70
16.70
22.40
34.20
29.60
14.90
44.00
27.10
10.50
17.60
45.00
17.00
22.90
15.30
17.50
39.60
30.80
18.80
35.70
20.50
43.60
21.00
19.10
17.70
12.30
32.60
32.00
44.80
27.00
11.20
39.30
23.30
41.10
16.80
35.50
30.90
38.20
38.80
28.80
17.40
24.60
44.20
41.30
17.00
22.70
24.10
26.30
13.20
30.60
13.30
31.60
39.80
34.90
16.30
32.50
21.30
32.70
27.60
35.10
45.00
25.30
26.60
15.60
13.50
32.70
33.20
12.80
41.60
28.20
36.00
26.20
17.80
21.60
20.40
14.50
27.00
18.90
24.30
39.20
12.10
17.40
13.40
25.60
32.20
22.80
41.20
10.90
34.70
25.10
26.80
28.30
20.50
32.70
39.10
42.90
20.90
20.80
11.60
41.40
44.30
37.80
33.40
29.40
20.00
34.10
11.40
21.20
42.50
42.80
21.60
21.30
18.70
16.90
16.20
16.40
41.60
13.70
19.10
38.20
38.30
19.70
22.10
23.80
24.60
32.20
19.50
26.10
29.10
39.70
10.50
40.70
24.00
24.70
40.30
13.10
10.10
12.50
27.00
12.50
17.00
17.20
44.70
45.00
12.90
31.40
34.90
22.70
41.60
25.80
38.80
34.20
32.40
23.00
12.30
39.60
36.80
21.10
16.70
42.70
29.90
12.30
23.00
27.30
14.50
39.50
32.90
12.40
22.60
22.00
18.60
34.30
22.80
31.90
14.30
15.60
29.60
15.60
39.20
27.60
17.20
13.90
27.20
38.00
35.60
13.70
31.80
15.50
36.30
21.30
10.30
18.30
18.40
31.70
42.40
40.90
18.70
18.30
15.00
28.10
21.60
13.70
18.20
28.40
33.70
19.80
12.00
38.10
36.20
37.20
42.20
37.00
31.50
33.50
17.50
24.40
18.10
18.10
20.90
14.60
38.30
16.50
33.20
42.90
42.30
14.10
25.20
36.30
37.30
44.70
20.70
19.50
11.50
30.00
32.20
25.80
29.90
31.80
30.60
35.90
23.90
14.10
29.80
22.70
42.30
34.40
36.40
10.50
37.50
30.10
10.00
19.60
33.20
19.00
10.20
12.60
45.00
16.60
39.20
28.00
30.70
41.30
30.70
35.00
44.70
23.80
37.60
32.30
38.70
31.50
33.40
10.00
44.80
36.50
10.90
37.20
39.90
30.80
29.80
44.50
36.40
34.90
43.80
26.70
12.30
34.60
25.00
18.40
12.50
19.60
41.90
11.30
22.20
16.00
16.50
37.00
25.20
10.10
39.90
26.00
13.20
31.50
14.40
25.70
15.50
19.00
21.80
41.40
29.50
40.10
21.20
28.20
26.40
32.10
22.90
18.10
15.10
34.30
32.70
43.10
42.50
38.10
13.10
31.50
23.60
30.90
10.70
16.50
43.40
14.90
40.40
27.80
35.50
40.30
28.90
29.50
40.80
29.80
18.90
11.70
37.80
13.90
29.90
16.80
28.50
33.80
25.30
22.80
18.30
39.50
24.20
38.60
14.10
35.50
22.10
29.60
33.20
36.20
32.70
29.00
10.80
19.00
16.50
27.90
11.10
12.80
36.80
23.30
14.80
21.10
23.20
32.20
31.40
42.00
20.70
14.30
25.70
24.10
30.20
37.70
33.40
42.80
30.90
44.10
19.10
31.30
19.50
29.50
39.30
27.90
26.70
18.70
42.10
21.10
21.90
21.70
38.10
36.10
41.10
23.10
38.50
39.10
25.60
35.00
34.70
35.90
37.00
29.70
42.30
36.40
44.70
31.90
31.80
38.40
19.00
24.30
36.20
33.90
29.00
26.50
20.90
15.00
33.00
35.40
33.50
32.20
35.60
43.30
18.30
26.20
42.80
24.40
33.80
17.40
30.60
23.00
40.80
29.60
11.30
30.50
12.90
21.20
31.80
30.20
14.30
21.40
25.90
44.10
26.70
25.40
14.10
34.40
12.90
39.80
27.70
37.20
28.10
19.20
45.00
39.10
40.20
23.00
10.10
43.90
35.30
31.50
22.30
30.30
39.30
22.50
20.30
22.00
37.00
30.10
12.70
39.30
33.10
31.10
17.60
36.60
38.30
35.60
22.40
40.60
38.00
13.50
40.10
14.90
34.70
27.40
26.80
42.50
25.00
22.40
12.20
20.80
29.20
31.10
24.10
35.30
39.30
19.50
17.00
17.90
14.60
11.40
27.00
21.70
25.00
37.60
26.30
18.70
18.70
18.00
35.80
12.40
24.00
24.90
24.20
33.40
13.50
12.90
28.80
29.80
34.40
20.20
23.90
19.60
12.80
42.50
24.30
39.70
22.70
31.50
19.50
17.10
32.60
25.40
18.10
44.10
25.40
31.40
14.40
44.60
40.70
19.90
26.00
35.50
41.60
22.10
40.00
28.20
24.30
28.20
44.40
42.50
35.20
27.40
38.90
21.30
38.90
22.10
30.00
43.20
37.80
21.50
41.80
31.20
12.60
21.70
27.70
33.70
29.70
24.20
22.60
35.10
19.20
39.90
43.10
41.40
39.10
32.10
22.80
32.10
17.80
19.80
12.70
45.00
11.80
39.30
15.00
26.90
33.40
35.30
11.20
22.10
24.60
25.60
25.50
19.80
13.10
24.40
18.00
31.70
29.70
37.80
36.10
29.20
29.10
25.80
13.20
36.60
30.60
16.90
15.20
30.40
35.10
27.20
27.00
40.40
43.00
12.40
15.60
43.10
41.10
34.70
17.30
27.70
25.60
37.00
17.80
27.20
15.60
39.70
36.90
10.00
10.00
44.30
13.80
15.60
34.10
19.70
15.50
33.00
13.00
38.00
36.60
12.90
39.10
28.10
44.80
26.80
19.60
22.30
40.70
24.30
19.90
44.50
37.40
27.30
41.20
14.60
20.20
31.70
23.70
11.00
17.40
19.10
37.90
13.40
18.80
26.50
30.60
17.00
35.70
27.90
20.30
13.80
19.80
18.00
33.10
23.40
32.80
42.40
37.90
39.00
23.40
11.60
18.80
29.40
27.10
35.90
33.10
31.00
18.60
30.70
37.50
16.40
11.40
43.60
17.00
23.00
26.40
40.60
40.50
28.30
35.90
16.40
22.40
35.10
40.30
34.30
38.30
27.60
22.50
11.20
28.40
29.80
17.70
39.50
10.00
13.50
17.70
37.30
38.10
43.10
12.00
28.20
43.10
21.90
26.60
40.70
38.10
35.70
27.20
44.60
30.20
40.10
31.70
14.90
39.40
11.30
35.30
12.80
11.50
32.40
10.40
35.10
28.70
15.90
21.50
29.50
33.70
26.00
19.30
40.30
33.50
29.90
27.10
37.10
13.40
10.70
41.60
34.50
31.20
34.20
16.40
34.40
26.40
37.20
15.50
19.30
39.30
20.30
27.80
27.10
35.60
39.20
22.40
40.10
27.90
12.90
11.90
35.40
30.60
43.00
13.50
34.30
33.40
16.80
44.70
31.30
26.40
40.30
42.20
26.70
20.80
23.80
24.20
30.10
27.20
22.80
11.20
28.00
15.90
31.40
30.50
29.00
27.30
24.60
41.60
20.40
12.70
41.00
20.80
27.40
20.10
11.80
32.30
37.00
32.70
19.60
38.40
22.30
31.60
42.00
13.80
13.50
21.50
11.00
32.00
30.70
41.40
32.90
13.40
31.30
40.50
26.00
33.00
23.00
17.50
11.30
14.90
25.10
33.30
22.00
28.20
10.80
41.20
35.60
37.50
13.70
18.60
21.80
34.20
25.70
22.20
42.60
29.30
31.30
26.80
19.20
34.40
14.90
29.20
38.30
41.70
11.70
18.40
35.30
14.90
13.10
13.60
41.00
19.10
14.40
22.50
42.50
38.40
33.70
26.70
29.70
30.10
39.10
25.00
18.70
38.50
43.50
11.50
31.20
12.80
22.00
20.40
31.50
15.10
19.60
19.50
32.00
35.80
43.60
42.40
16.70
27.30
34.90
29.10
31.30
41.90
20.40
39.30
23.90
20.70
29.00
42.40
21.00
18.70
13.60
19.60
43.30
15.30
21.50
37.90
25.80
42.60
25.50
19.30
16.80
25.70
30.70
14.40
37.50
40.30
14.00
15.00
40.00
32.00
22.90
18.70
11.30
38.80
24.40
12.20
17.80
27.20
42.40
27.90
24.50
27.50
31.80
19.80
34.90
33.50
30.80
27.60
43.30
28.40
20.60
37.60
41.50
35.90
12.60
16.70
13.30
41.50
34.90
28.30
14.40
12.20
36.10
32.70
43.20
39.60
30.40
42.30
27.50
43.10
34.00
27.10
14.80
36.30
22.90
41.50
13.90
39.50
17.00
25.40
34.50
30.80
33.00
37.30
39.30
14.20
12.70
30.40
15.10
20.90
26.00
41.00
11.60
40.50
22.00
31.40
13.30
18.20
24.00
15.80
11.30
13.60
36.20
42.90
19.00
40.90
15.70
28.00
10.00
15.80
19.40
25.90
12.30
37.80
30.60
20.90
25.60
24.60
15.40
24.80
13.60
20.90
27.10
16.50
14.30
27.50
11.40
18.90
19.90
39.90
41.90
44.00
27.80
27.40
24.60
42.60
25.20
12.90
37.80
34.90
12.30
32.40
35.90
25.40
33.60
19.80
35.50
26.10
43.00
15.70
22.70
10.10
11.60
28.50
27.20
31.70
17.50
18.90
41.70
13.10
21.90
27.60
40.50
29.20
15.50
21.30
19.40
42.80
26.40
45.00
30.50
13.70
27.70
15.70
17.10
10.70
13.10
32.10
38.10
34.80
25.30
42.70
16.90
35.40
38.70
40.70
25.70
19.00
38.50
37.00
25.80
16.60
16.30
29.90
11.00
17.60
40.50
40.50
30.60
23.90
20.60
34.30
10.10
37.80
35.40
39.90
41.50
30.00
37.00
15.50
15.50
37.10
17.30
23.10
23.00
29.40
35.40
37.10
35.10
35.00
13.90
31.20
10.20
41.10
11.30
35.80
24.60
31.30
32.50
21.10
33.90
17.50
29.00
13.70
24.60
25.80
38.90
30.20
21.80
33.80
40.20
36.00
11.60
37.10
24.80
12.90
12.20
13.80
41.00
10.70
35.30
18.80
44.90
24.70
14.00
18.90
10.20
34.80
32.30
39.40
17.90
30.20
36.60
12.80
32.60
41.40
37.30
35.10
13.40
21.80
42.40
25.50
37.40
19.20
10.20
43.80
15.20
30.00
22.30
19.20
16.00
27.00
42.50
29.60
41.40
43.00
32.00
43.00
37.90
18.00
43.50
23.00
27.80
40.40
22.70
33.80
22.70
29.40
15.50
19.40
20.20
26.10
37.50
36.50
38.00
12.70
27.80
26.90
14.70
32.10
18.40
45.00
45.00
16.10
31.30
36.30
40.30
12.60
38.10
22.10
19.80
26.40
43.70
11.00
34.60
16.90
14.90
41.80
27.00
41.20
44.60
10.00
38.60
21.00
38.80
11.60
11.30
20.60
24.70
27.20
18.60
38.50
38.60
31.80
14.70
17.20
38.90
26.00
41.80
21.00
21.50
24.10
43.40
13.70
27.30
39.20
12.20
37.80
32.70
11.50
33.20
15.10
12.00
44.50
32.70
32.60
28.30
29.40
27.70
22.20
17.20
19.00
44.70
13.70
26.60
30.30
42.80
29.60
43.10
17.70
28.10
19.60
25.20
37.00
20.10
43.30
34.80
17.50
20.20
33.40
39.80
28.10
45.00
13.90
15.70
32.20
42.60
11.80
14.40
18.30
27.60
32.50
16.50
34.90
40.10
27.30
37.00
23.70
44.10
19.10
39.20
13.00
39.50
33.90
26.50
13.20
10.00
25.50
30.40
34.60
25.00
10.90
35.60
33.80
29.20
23.40
38.50
41.90
30.90
25.90
11.30
26.80
22.60
15.20
29.80
38.30
38.60
22.50
22.10
20.20
19.40
14.90
28.60
12.10
18.60
24.50
12.00
24.90
31.70
34.60
29.90
38.00
44.60
11.70
17.30
31.60
13.20
24.60
20.30
27.80
18.20
23.60
41.60
12.90
11.00
12.50
13.10
27.60
19.20
39.90
29.90
30.30
18.30
31.90
37.40
42.20
25.20
44.60
42.50
39.30
28.00
35.20
19.30
39.60
33.30
12.00
18.10
32.60
18.70
19.90
13.30
37.10
42.90
32.90
19.10
34.70
42.50
17.00
34.60
16.40
28.80
19.80
29.10
20.80
16.80
24.40
11.10
37.90
37.60
37.10
35.00
11.30
39.00
16.80
34.40
20.90
18.10
28.10
24.20
15.30
19.80
29.90
35.40
13.90
44.40
31.10
27.00
27.00
10.00
40.10
31.40
15.90
26.10
21.60
43.40
18.00
16.10
23.10
14.90
17.20
28.30
16.20
44.80
42.60
24.60
10.80
39.70
32.40
33.70
15.50
35.50
10.10
42.10
39.80
45.00
38.70
33.30
26.60
37.60
21.90
16.00
43.90
19.70
22.80
11.90
27.60
39.20
24.50
25.30
27.90
20.40
31.40
39.30
14.40
44.10
14.60
39.80
15.50
23.20
10.10
19.50
40.50
27.20
28.30
39.30
20.40
28.70
44.40
19.00
22.10
16.40
41.60
34.30
40.80
24.80
39.00
36.80
19.70
16.60
11.70
23.70
19.70
22.60
14.20
38.60
27.60
25.90
30.40
23.00
26.60
21.70
41.80
39.40
36.70
44.20
26.70
21.50
25.40
19.60
21.90
36.00
11.10
11.20
30.30
30.20
25.20
30.40
42.80
30.00
22.10
41.50
27.30
40.70
14.10
10.30
19.90
23.90
30.60
27.90
18.50
38.10
18.70
18.10
18.20
32.10
18.60
33.00
42.50
13.20
43.30
40.00
17.30
34.00
19.70
14.20
38.30
33.50
31.00
19.80
37.50
37.40
17.10
36.20
23.70
18.20
13.20
31.00
38.20
25.70
24.40
26.70
26.70
14.70
41.00
18.30
37.30
17.60
34.60
18.90
41.90
34.10
26.30
39.50
26.70
41.00
16.90
32.00
21.60
33.80
32.90
37.20
43.50
23.30
25.80
17.20
30.70
23.60
16.80
10.80
11.60
32.40
11.70
24.20
33.20
23.70
39.80
30.40
23.50
43.60
29.50
24.40
12.80
21.50
14.00
11.40
26.50
22.90
37.80
36.10
36.00
18.60
23.00
21.10
40.30
10.80
26.90
36.40
20.40
10.90
19.50
29.10
20.40
31.50
32.80
14.80
22.90
32.80
21.60
25.20
39.50
14.80
25.30
14.20
23.50
32.60
13.50
30.80
10.80
29.10
14.80
17.70
36.90
22.20
27.60
24.50
44.50
44.80
16.20
27.80
19.90
14.70
35.30
13.20
20.10
43.20
44.00
27.80
41.10
29.80
17.50
43.40
26.40
22.60
25.50
41.60
40.20
36.50
43.80
38.60
31.50
12.60
38.60
39.30
35.90
44.60
24.40
16.80
18.00
10.50
37.80
15.30
36.00
40.40
37.90
23.30
32.40
35.40
35.10
27.50
24.10
11.40
26.20
22.40
10.50
43.00
35.20
32.10
26.50
35.60
28.80
32.10
18.20
26.60
11.30
38.60
18.90
19.60
37.10
15.60
35.80
32.30
26.40
18.80
14.10
10.10
41.00
39.60
44.10
13.30
37.30
42.90
17.90
24.50
14.90
37.20
20.90
12.30
41.30
37.10
29.10
10.50
31.50
16.40
42.00
16.90
16.40
24.50
18.10
13.00
33.90
19.10
20.50
10.80
43.70
36.50
18.80
26.10
27.90
30.00
32.80
41.00
41.70
24.30
23.80
33.40
13.20
11.90
42.70
12.30
42.70
35.40
32.20
18.70
41.10
29.40
14.00
27.00
44.30
30.90
14.60
41.70
43.60
31.00
22.60
16.90
20.20
12.70
12.50
40.30
13.90
14.80
22.40
13.20
20.50
24.80
21.70
31.80
10.80
26.80
26.80
16.30
37.40
38.70
12.10
42.50
36.80
41.20
39.00
42.10
40.00
33.80
38.90
15.60
37.30
34.90
42.40
32.90
25.90
29.60
11.80
40.40
22.80
42.90
17.30
21.20
24.90
26.20
28.10
18.40
41.50
38.20
39.60
41.00
32.20
16.60
25.70
41.20
41.90
35.80
11.90
32.00
15.00
24.30
29.90
16.40
18.70
22.50
14.10
22.80
38.90
16.30
35.50
18.90
33.70
11.60
15.50
30.60
27.90
41.30
12.50
31.40
19.10
33.60
16.50
30.60
37.60
31.40
36.30
10.90
39.80
27.00
13.50
42.30
32.40
38.70
44.70
35.70
18.10
28.20
20.70
35.20
19.20
41.90
37.00
39.40
13.80
40.00
33.10
28.50
38.50
17.60
29.20
34.70
14.40
10.80
16.80
21.30
20.10
26.90
30.60
16.30
35.70
17.90
32.90
23.80
31.40
16.50
27.70
14.40
19.80
29.80
27.50
13.50
30.00
15.70
11.50
18.30
38.60
32.50
39.30
13.10
32.70
19.10
12.00
14.00
33.60
15.60
39.40
15.00
43.50
20.40
14.30
39.50
29.30
23.80
12.30
12.60
18.00
23.60
32.80
25.20
38.10
44.00
17.80
28.00
10.50
41.10
32.40
42.40
32.80
20.70
19.80
10.30
31.30
14.90
37.50
30.40
22.30
19.80
42.30
23.80
38.40
41.30
43.40
38.70
21.50
34.40
18.90
34.90
28.80
18.20
24.70
40.30
22.90
15.10
22.60
22.10
34.70
14.40
39.40
22.30
16.30
12.80
33.50
37.60
27.80
39.60
19.80
25.30
29.10
18.90
35.40
19.50
43.30
41.00
44.00
14.00
17.50
24.10
25.70
17.60
18.30
30.20
44.40
18.90
13.70
20.30
29.50
41.60
28.00
42.40
35.90
32.70
40.50
36.70
11.80
39.00
30.50
33.50
28.50
29.30
42.80
25.90
27.80
44.40
23.20
24.30
22.20
31.60
43.10
32.50
15.00
24.90
33.90
40.60
40.60
36.20
43.90
30.40
44.50
20.70
39.10
28.30
32.60
32.20
18.30
40.90
10.00
24.80
41.40
31.40
17.70
20.20
10.60
42.50
17.70
22.90
31.10
39.30
12.80
12.30
25.70
24.90
30.40
17.00
37.40
27.90
28.00
33.10
12.40
35.20
24.10
28.00
34.50
42.40
15.80
21.60
15.10
10.40
14.10
19.50
33.60
33.10
18.00
16.00
40.70
19.00
13.00
10.80
33.10
33.30
23.90
25.60
24.70
13.10
37.00
36.80
32.80
44.70
13.70
10.50
25.30
23.60
39.90
10.90
44.60
24.70
21.50
44.60
37.40
17.10
15.90
35.60
40.80
36.60
19.30
30.60
40.10
10.20
24.80
28.20
10.00
30.80
28.60
30.10
39.70
23.50
19.80
16.50
19.20
18.50
16.40
15.60
15.20
31.70
15.00
14.20
34.20
32.90
11.60
39.90
36.00
37.20
44.80
19.30
37.30
10.50
12.90
22.60
25.40
22.60
25.30
27.00
37.40
43.80
11.30
16.20
40.40
12.90
36.20
38.20
38.80
25.40
10.80
36.10
26.40
33.60
19.30
33.30
43.50
38.40
30.60
42.60
22.60
22.10
24.70
15.40
22.40
24.00
30.00
35.30
27.10
14.40
28.60
18.70
14.80
42.20
32.90
29.70
11.10
20.60
18.80
14.80
19.40
30.00
38.60
36.90
23.00
29.60
18.30
10.10
34.60
25.40
22.60
10.90
21.60
16.40
29.70
27.90
14.00
23.80
35.80
10.50
31.10
35.80
31.70
33.90
40.90
24.00
32.70
17.60
34.80
30.00
16.00
34.10
42.10
19.70
19.30
35.80
10.80
19.70
25.30
30.60
15.30
12.00
34.70
31.50
28.80
13.00
20.10
26.40
14.90
13.90
33.00
23.80
37.50
18.60
16.00
17.10
18.50
31.60
10.10
17.70
44.20
27.00
13.80
37.80
27.40
15.50
39.10
20.70
27.40
32.80
18.20
35.70
23.90
43.30
17.90
42.20
15.80
25.50
39.90
17.80
33.20
18.90
25.10
34.20
37.50
42.10
33.00
25.80
20.30
15.90
38.30
17.50
44.10
30.60
36.10
30.80
20.90
39.30
11.00
39.90
40.70
18.50
22.70
44.40
39.40
32.00
23.40
39.00
13.60
11.50
20.60
34.70
38.30
15.70
34.10
34.20
42.20
17.50
16.30
23.70
21.70
29.70
14.40
12.10
40.90
26.90
33.50
28.70
37.70
20.20
18.60
29.70
42.80
26.80
18.60
35.20
13.00
38.00
17.30
19.70
22.50
35.70
39.30
21.60
31.40
23.80
25.40
37.80
12.40
19.40
40.20
30.70
15.90
37.50
14.70
13.20
12.30
27.00
20.90
37.90
29.40
36.60
28.40
16.40
33.90
44.80
41.20
43.20
33.70
37.80
11.30
13.50
38.10
24.10
35.60
28.60
33.10
29.50
26.60
25.50
38.40
22.70
43.40
18.20
41.80
23.50
18.00
37.20
36.20
41.50
20.70
40.70
35.30
39.60
38.70
42.30
33.30
14.90
18.90
40.40
22.60
27.50
38.60
41.00
43.40
35.00
31.00
37.30
13.10
44.40
32.40
28.50
13.80
37.80
27.80
34.70
26.90
38.10
26.40
44.40
16.40
32.90
12.10
11.10
16.90
39.80
14.60
44.10
17.80
31.40
36.00
12.00
22.60
13.20
40.40
24.30
43.70
33.90
20.40
28.90
19.50
25.20
26.80
14.80
18.20
20.70
32.00
34.60
22.70
11.70
30.90
30.40
45.00
40.60
18.70
28.80
12.30
11.80
43.60
11.00
13.20
31.00
30.50
26.90
28.90
13.80
28.60
24.40
15.60
17.50
35.70
25.70
37.60
12.60
23.20
35.40
33.10
30.90
32.20
13.50
39.20
18.80
24.60
44.20
32.30
25.10
32.40
23.80
43.60
10.80
43.20
36.10
26.40
42.60
36.30
22.80
34.50
27.70
29.70
12.30
17.90
28.10
15.20
23.30
21.00
40.10
35.30
10.70
40.00
32.80
38.40
34.10
17.30
23.60
37.20
30.70
16.40
13.00
37.40
25.80
42.30
31.20
26.40
16.60
13.90
20.70
19.60
21.50
20.00
41.60
40.30
44.30
33.20
23.60
37.40
39.00
18.00
14.40
16.60
35.00
15.80
41.80
41.10
25.10
11.90
30.60
39.30
33.00
40.40
23.70
38.40
23.40
12.20
32.10
41.80
21.70
37.90
40.60
15.30
33.70
28.80
11.30
17.10
37.10
38.80
42.20
44.20
14.80
34.00
41.20
24.60
26.50
11.20
36.20
23.70
43.90
44.20
11.70
44.30
12.30
22.90
11.10
12.10
39.20
27.30
27.40
17.80
27.10
31.20
31.70
36.50
25.80
18.70
30.80
42.40
24.70
35.80
44.50
43.80
23.70
40.90
13.90
25.20
19.50
33.90
39.30
15.60
31.90
35.60
34.50
25.10
34.70
35.50
30.90
21.60
32.70
17.60
35.60
26.40
45.00
31.70
13.20
42.30
25.90
39.30
24.30
18.90
10.60
20.90
11.20
35.90
27.00
34.00
12.60
17.00
40.20
18.50
12.50
20.10
16.70
35.30
28.00
30.50
40.50
31.90
33.40
35.50
38.60
31.60
41.10
19.80
19.00
27.80
10.00
36.40
10.70
17.90
29.20
43.40
33.80
16.70
30.40
13.80
28.90
26.80
34.10
32.40
35.10
44.60
41.10
24.60
20.10
16.80
10.60
11.90
14.20
31.60
27.50
34.70
44.40
30.00
14.80
25.50
20.20
25.70
32.40
26.30
24.30
11.60
12.10
31.70
28.50
38.30
25.10
40.30
23.10
36.80
10.60
20.90
33.50
23.60
38.90
13.50
44.20
41.50
41.40
36.30
28.90
21.60
26.60
39.00
12.60
30.90
25.70
15.90
10.90
25.10
21.00
43.40
34.70
35.50
20.80
40.90
18.10
15.30
36.10
44.90
12.20
13.30
40.40
13.30
20.10
34.90
38.50
27.00
30.60
22.40
24.90
13.90
10.80
15.40
20.40
35.80
36.50
14.20
29.30
42.10
40.30
26.00
43.90
40.80
25.70
29.90
22.50
33.10
37.50
41.30
24.80
38.50
39.90
43.90
33.70
30.80
28.10
23.70
10.90
42.00
22.90
40.90
30.40
20.60
14.00
13.90
41.40
12.90
21.60
17.00
27.90
15.80
13.80
35.40
15.10
13.20
32.60
26.40
32.60
27.40
13.50
25.10
21.50
36.10
28.30
33.50
20.10
39.00
33.50
16.90
15.10
37.70
16.10
23.70
24.80
16.40
28.60
11.80
11.60
15.40
17.90
28.40
13.60
31.90
39.40
39.70
38.90
30.30
11.20
12.00
25.50
29.20
11.00
10.60
22.80
36.70
39.30
10.50
25.30
16.60
20.10
21.50
21.60
20.40
29.00
26.10
20.40
40.70
17.90
22.60
34.30
41.40
11.50
28.30
33.90
31.60
15.20
28.00
27.10
36.30
11.10
23.10
33.80
22.90
18.20
11.60
26.30
28.40
22.60
38.90
19.60
24.30
15.90
39.90
43.60
26.30
35.60
21.20
18.40
35.10
43.10
24.50
17.10
33.10
38.70
12.70
12.30
15.10
19.30
11.50
42.70
13.50
15.90
16.60
35.50
18.80
45.00
31.80
17.70
19.10
16.60
25.70
14.00
30.20
14.40
12.20
29.90
19.80
21.90
11.60
29.20
11.50
33.60
19.30
33.40
22.80
22.30
22.20
18.70
17.00
21.70
44.80
13.00
11.30
38.30
20.60
13.40
44.00
37.30
14.70
29.10
15.50
18.10
41.50
11.90
25.50
36.10
35.20
21.50
24.90
22.80
22.70
37.10
24.20
20.90
22.40
16.00
26.00
38.00
29.60
32.00
36.10
40.50
28.70
39.80
38.10
34.50
35.30
14.90
42.20
16.00
40.50
16.40
13.20
27.90
10.40
31.30
44.30
34.50
36.00
25.10
39.10
12.10
21.30
10.50
32.50
13.30
28.40
44.90
41.00
39.30
38.80
39.10
35.40
32.70
16.20
33.30
39.80
23.90
20.40
29.00
28.90
13.30
12.90
31.90
17.00
18.10
39.10
40.50
22.70
22.30
12.10
30.50
37.40
15.00
15.10
33.60
26.40
40.60
38.10
23.90
40.60
22.70
39.80
19.40
40.40
30.10
27.90
16.00
21.10
24.30
15.00
23.70
30.40
17.70
27.70
27.90
18.40
26.00
39.20
10.50
26.50
13.70
24.60
15.70
38.30
27.10
40.20
28.10
35.20
26.80
42.30
24.70
42.10
11.50
38.00
21.20
31.10
11.70
18.00
39.40
23.80
41.60
33.30
44.60
44.90
40.40
44.80
17.00
36.00
36.70
30.90
11.20
15.30
43.40
38.00
25.10
28.80
44.40
26.30
43.80
13.20
16.60
13.70
40.20
16.20
35.90
33.00
42.50
34.20
20.50
32.90
29.50
11.60
15.30
31.10
33.30
27.00
33.40
10.30
32.10
41.40
41.60
30.90
34.70
43.80
32.40
36.00
11.00
26.70
27.70
16.00
42.90
25.20
22.00
32.60
41.30
40.40
35.60
26.50
21.50
20.60
41.60
11.10
40.30
18.90
22.60
29.60
18.30
24.50
42.30
11.70
10.10
18.10
13.80
44.00
15.70
13.70
11.60
42.20
15.60
42.50
37.80
15.50
38.10
37.20
42.80
43.90
22.60
23.00
22.90
32.20
14.80
16.90
33.30
24.80
14.20
38.70
28.80
34.80
19.40
33.70
42.20
28.90
16.20
29.10
14.70
11.30
39.90
39.10
38.80
41.90
34.90
13.50
35.20
36.90
36.30
23.70
37.50
15.30
21.90
43.40
11.30
44.30
32.40
30.50
12.40
23.20
26.40
38.80
31.50
35.80
16.80
19.20
10.80
10.70
24.90
34.80
37.30
27.20
19.00
30.30
37.60
19.30
14.20
34.40
38.60
21.70
36.30
22.80
24.70
26.70
39.60
41.70
19.70
36.10
40.50
14.90
32.20
24.20
18.70
37.70
34.70
11.40
17.60
39.40
31.40
38.90
26.90
32.30
14.80
10.70
28.60
36.10
38.40
13.00
33.10
29.00
16.60
29.10
17.50
34.50
28.10
14.60
40.40
43.60
31.90
21.30
23.10
22.50
13.60
28.40
38.70
12.40
18.00
43.20
32.70
11.50
14.50
13.70
20.20
17.50
40.90
29.10
40.20
12.60
14.70
11.00
25.40
42.60
32.50
14.80
32.40
31.10
17.70
27.60
20.60
38.80
16.10
27.50
28.30
38.70
38.40
15.00
27.20
44.70
33.30
34.30
14.90
26.00
30.80
24.50
31.30
25.90
26.20
43.60
44.50
44.20
16.10
11.90
19.60
40.60
43.30
38.70
35.60
13.80
25.50
19.20
42.20
35.90
27.70
10.50
23.50
24.90
21.80
24.80
24.70
32.20
12.00
16.80
17.90
38.30
36.60
22.70
36.00
15.30
26.60
44.00
25.30
29.80
21.70
23.80
29.20
18.90
35.20
44.00
33.70
14.50
20.40
15.40
29.10
12.30
33.10
29.30
12.60
33.10
31.90
38.70
21.90
21.30
13.20
18.80
14.90
15.70
29.20
22.30
42.20
30.90
40.00
32.70
36.70
15.60
35.80
27.30
14.20
16.50
26.80
26.80
24.10
32.70
13.80
44.70
30.20
40.00
44.90
34.80
42.10
20.10
18.00
41.50
32.90
37.60
21.10
26.40
23.60
10.60
14.00
41.10
36.50
29.80
16.90
41.80
35.80
20.70
40.40
24.70
22.50
14.30
17.90
15.30
30.90
23.70
23.20
31.80
33.30
20.80
26.10
35.50
29.90
20.10
34.70
10.30
22.80
36.20
16.30
18.10
20.20
43.10
11.50
38.50
13.80
13.90
37.40
23.80
31.40
25.30
44.30
44.50
17.90
13.20
38.50
37.30
10.60
39.70
19.90
43.00
19.50
15.10
18.90
26.60
38.50
28.40
28.10
29.10
33.00
18.50
38.60
37.30
25.50
42.60
26.20
15.40
26.50
30.80
40.60
38.50
16.20
39.40
23.70
22.70
17.50
13.40
19.10
42.60
36.00
18.50
13.70
21.50
25.00
11.30
20.00
10.00
41.50
38.30
16.30
37.70
34.20
17.80
24.20
28.80
29.50
17.70
40.30
13.50
31.20
20.20
18.00
30.70
15.00
42.20
17.10
15.40
11.60
12.70
13.70
42.00
27.50
44.20
27.50
43.70
34.90
16.20
37.30
43.80
13.50
28.50
43.80
24.30
41.10
15.50
18.30
39.50
33.70
39.30
17.60
16.40
12.90
34.30
28.90
38.90
44.70
14.30
43.10
10.20
20.50
15.10
13.70
41.00
14.20
22.50
11.10
25.90
13.20
28.70
17.50
40.20
34.60
14.50
27.60
13.40
18.90
44.40
45.00
33.60
39.20
21.70
30.60
19.80
33.20
21.80
38.80
21.30
18.60
45.00
36.20
22.40
31.10
27.80
18.70
16.80
29.60
41.80
30.60
25.00
26.20
20.20
33.70
16.80
34.50
41.50
13.20
39.40
41.30
36.80
32.80
13.00
41.00
31.30
31.40
28.80
10.60
24.30
20.90
43.20
37.70
23.40
22.20
24.40
40.50
16.30
34.90
29.10
34.40
28.50
14.40
25.30
26.90
38.30
28.70
21.90
42.30
36.90
27.40
34.80
24.90
39.20
35.00
33.70
18.80
38.30
36.70
43.10
36.30
33.10
12.00
17.30
28.90
37.50
38.60
32.20
12.80
29.80
19.80
42.00
30.50
14.60
29.70
16.10
37.60
43.50
10.20
37.30
36.00
20.60
14.10
39.50
23.00
41.30
36.40
37.80
23.20
11.30
23.70
24.60
12.30
20.90
36.50
34.90
43.30
28.90
23.40
23.30
44.80
15.40
15.10
38.10
15.40
10.60
25.20
13.90
12.10
38.30
31.20
43.80
27.20
20.30
23.90
10.40
37.70
14.20
43.60
35.60
33.30
17.70
39.20
26.50
18.20
31.60
10.00
32.40
38.60
32.30
41.80
39.90
35.00
43.40
23.70
14.40
38.40
26.40
34.70
20.90
44.00
25.50
35.20
32.50
39.80
35.90
44.40
31.70
13.70
31.30
20.20
19.50
23.50
17.40
21.30
38.80
13.80
30.00
21.40
14.30
18.10
23.80
34.60
15.10
26.00
25.90
16.00
23.80
24.00
22.20
42.90
19.50
21.80
17.20
28.20
41.80
12.60
39.50
31.10
30.80
28.20
34.80
28.70
39.50
41.40
35.70
21.10
32.20
15.80
44.30
43.10
40.10
30.60
44.50
44.00
19.90
25.40
40.70
12.30
19.40
17.40
33.80
42.20
25.70
19.70
21.20
41.40
11.50
13.40
18.40
38.40
10.90
33.40
28.70
32.60
37.10
35.60
32.10
33.10
39.50
23.60
22.20
33.20
25.30
40.60
26.60
30.60
24.60
40.80
34.30
33.30
42.40
30.60
25.40
33.40
28.90
22.70
23.50
17.00
37.00
34.70
38.20
43.80
43.30
12.90
40.20
14.70
21.00
41.40
22.50
37.60
24.40
24.00
42.00
41.10
23.50
31.80
22.80
18.40
14.90
38.40
39.90
22.30
41.60
24.70
36.00
17.70
12.60
12.00
15.70
35.80
44.30
20.00
32.20
26.10
13.50
28.20
30.10
29.70
21.40
27.00
34.50
42.80
19.10
11.00
31.20
31.70
10.20
38.90
37.90
27.10
29.80
36.80
38.80
33.70
33.20
42.50
10.80
36.10
41.50
14.00
14.90
33.60
23.60
12.80
18.40
10.50
19.90
17.90
41.90
43.60
42.10
29.30
26.30
16.60
32.50
15.90
29.90
26.80
15.70
38.60
13.00
29.90
24.60
16.30
30.30
27.50
40.40
37.20
12.50
12.00
43.50
41.80
34.40
19.50
16.10
32.20
15.50
17.40
13.60
10.70
28.50
42.20
16.70
26.80
44.60
43.50
33.90
37.00
37.80
17.50
29.60
29.70
14.40
15.70
16.20
20.30
32.00
34.70
14.40
18.90
23.10
29.60
23.40
15.80
44.00
21.90
39.20
37.30
16.40
43.20
29.80
21.30
14.80
30.00
17.50
28.10
28.00
12.00
25.20
11.90
12.90
40.70
32.20
44.80
35.00
39.40
13.70
16.80
23.20
15.40
21.00
23.60
28.00
17.20
35.10
14.50
43.30
15.40
12.10
33.80
31.90
33.30
32.30
14.90
33.50
29.10
15.30
27.50
44.90
28.10
17.90
36.20
12.80
30.80
20.00
25.70
30.60
36.00
20.30
34.80
10.10
27.50
11.90
17.00
34.30
17.70
14.30
40.70
43.30
26.10
18.40
34.20
17.30
28.60
32.50
34.80
25.30
18.60
29.30
29.30
24.90
26.80
27.00
23.90
44.40
30.30
30.40
40.30
31.90
27.50
30.70
29.50
28.60
28.80
24.70
11.40
38.30
26.30
13.50
16.60
20.30
43.90
44.60
23.00
19.80
22.80
15.60
17.60
40.40
30.50
44.50
19.00
31.20
36.40
13.80
24.00
24.40
24.80
31.80
38.30
13.40
31.90
20.20
20.40
31.30
27.20
42.30
20.10
14.60
35.90
36.70
40.60
18.50
35.10
10.20
32.60
37.20
23.50
12.10
13.30
38.30
31.70
34.30
23.70
44.00
32.40
36.80
41.20
32.00
42.20
20.20
11.80
31.90
35.90
32.60
42.60
33.80
22.40
23.20
36.60
11.30
10.00
38.50
43.20
11.80
23.00
27.70
41.50
16.60
35.80
31.60
13.60
30.00
18.20
13.50
17.60
15.60
24.20
11.80
19.40
30.00
38.10
14.50
22.90
11.30
27.80
27.30
32.10
17.50
42.40
35.90
16.10
26.40
15.00
20.40
30.00
24.00
31.90
28.20
27.60
27.90
33.70
27.40
20.40
45.00
41.10
16.90
18.80
32.70
11.90
15.60
35.00
26.90
16.40
39.60
39.00
33.90
17.80
41.10
41.00
15.70
30.90
20.70
25.70
33.40
16.10
28.20
10.00
39.20
31.70
14.70
36.30
33.00
10.60
41.50
15.80
21.00
25.70
43.80
16.90
14.70
19.70
32.80
10.40
32.10
27.60
27.30
14.90
40.20
40.40
38.70
27.30
34.70
38.70
28.60
13.40
25.60
33.90
27.00
12.70
42.40
44.30
16.40
16.40
43.50
13.10
31.70
41.10
16.60
34.10
29.60
41.20
16.00
35.70
21.50
37.60
43.30
22.20
26.30
41.70
39.30
38.10
26.80
15.40
26.30
15.70
39.50
44.80
35.90
17.70
41.40
21.30
40.80
32.40
14.30
21.60
39.30
31.00
32.30
35.80
45.00
10.10
36.10
25.50
25.00
32.60
42.90
25.80
42.80
31.50
22.60
36.50
31.20
10.60
16.90
24.40
24.20
22.70
40.80
41.60
26.90
27.70
27.10
30.00
21.50
21.10
33.10
12.50
18.80
34.50
38.60
38.50
44.90
37.80
27.10
41.60
23.30
19.10
13.90
26.20
17.10
44.60
20.60
11.80
11.00
40.30
35.40
18.80
18.10
38.80
18.10
19.50
15.80
36.00
33.90
31.30
41.60
32.20
36.20
30.50
16.80
26.40
34.60
16.40
37.50
20.40
39.20
18.20
41.00
28.50
20.00
10.50
36.20
14.10
41.30
36.70
43.30
35.20
16.10
20.50
16.60
28.60
13.30
18.80
24.10
21.30
27.20
25.10
11.50
29.40
21.90
14.20
26.60
26.50
27.50
41.70
32.70
17.30
42.50
44.50
20.10
12.20
19.10
32.40
28.10
25.60
13.20
17.70
30.90
15.00
18.20
11.50
22.00
13.20
35.30
10.90
27.10
23.60
43.50
17.10
26.60
34.50
14.20
21.20
23.00
