19.70
32.40
20.20
41.00
18.00
38.30
20.40
12.30
22.80
13.20
18.20
18.10
17.50
35.60
30.40
30.50
35.90
43.80
10.10
12.50
25.80
43.40
29.00
15.70
12.00
23.80
22.30
33.00
12.10
38.60
12.20
24.40
14.90
27.30
41.70
42.20
31.20
16.10
30.10
33.40
25.60
38.10
43.00
32.50
39.30
34.90
17.40
20.40
19.80
32.00
23.30
40.70
26.60
13.60
41.20
22.30
36.20
18.30
10.10
37.80
36.70
21.80
20.80
34.60
22.30
12.90
37.60
19.00
35.80
20.00
14.70
44.10
26.20
16.80
37.80
21.90
41.60
23.40
22.60
18.60
10.00
37.30
22.60
28.90
42.50
20.80
25.20
28.70
11.30
34.40
43.30
45.00
30.80
34.50
10.30
25.10
16.00
12.10
10.50
17.30
24.50
40.00
10.60
40.90
22.00
42.80
22.20
33.60
10.50
20.20
16.90
31.30
13.90
26.40
20.70
11.50
35.60
14.40
28.60
22.20
44.40
43.60
26.90
25.00
28.60
30.70
22.00
12.00
16.50
14.40
20.60
15.80
12.70
36.40
16.10
21.30
27.70
43.40
10.80
37.30
13.60
20.80
24.10
40.00
41.50
18.30
36.60
37.60
12.40
23.00
20.20
28.20
36.30
11.60
40.90
41.40
27.80
27.20
25.20
11.10
22.70
12.70
24.20
43.40
13.00
26.00
32.50
24.00
30.80
18.40
22.40
39.30
35.10
32.50
13.70
27.60
36.40
15.50
29.80
32.20
28.00
32.10
14.60
38.70
41.60
43.90
44.40
23.80
29.20
39.80
27.20
43.70
12.70
41.70
21.80
26.80
19.40
40.70
19.40
34.50
27.90
12.80
10.40
41.50
15.50
17.40
31.40
41.00
14.20
11.10
40.10
17.10
19.20
19.50
32.40
37.50
11.30
30.10
23.70
19.30
44.80
11.00
15.10
18.90
44.20
16.20
35.30
21.50
39.30
12.60
30.10
35.80
44.20
34.80
15.90
16.10
27.10
20.20
32.50
43.90
16.80
13.30
17.20
20.80
16.60
26.00
43.80
44.30
36.10
10.30
27.50
34.20
12.10
12.30
31.50
27.70
17.70
16.20
38.20
36.40
39.30
36.70
27.10
40.50
30.70
18.20
17.50
34.90
28.90
30.30
28.80
40.10
12.00
44.00
19.80
37.30
34.20
44.00
32.00
32.40
43.50
20.80
16.30
23.20
35.00
14.10
20.10
44.60
34.20
10.20
11.30
14.10
26.40
29.30
11.70
20.60
29.90
11.20
27.90
23.60
30.80
17.60
40.20
39.20
39.90
40.90
12.60
16.10
35.40
43.00
43.80
20.60
18.90
41.50
24.40
34.10
14.80
18.70
24.60
23.80
16.70
34.80
31.60
39.80
30.10
13.00
37.40
40.30
34.10
30.90
17.80
18.30
37.30
18.40
33.60
37.40
24.90
25.80
13.50
29.40
15.10
13.10
43.80
12.90
13.30
30.90
21.70
29.50
39.10
31.80
22.40
25.00
32.10
19.10
25.80
28.50
27.90
37.10
34.50
22.40
36.10
39.20
42.60
26.60
44.60
23.10
25.30
24.80
35.70
42.30
27.50
21.90
10.00
37.10
12.10
18.90
43.70
31.90
14.60
38.50
44.00
16.30
24.40
15.50
36.10
33.60
18.20
27.10
22.70
35.70
29.30
30.70
43.60
42.60
37.90
14.50
21.20
33.20
13.00
24.20
13.60
39.30
28.70
41.80
20.00
22.00
14.20
35.00
31.00
20.70
13.90
33.40
40.30
27.50
23.50
22.40
13.10
36.20
42.40
11.70
33.10
23.30
26.30
31.30
15.00
24.30
33.70
39.80
33.20
39.80
13.90
18.60
36.70
25.50
22.50
32.70
10.30
24.50
19.10
31.30
37.00
10.00
27.30
23.80
43.90
22.00
24.20
34.30
39.30
11.50
38.60
38.80
10.10
33.50
17.00
44.40
14.50
41.10
20.00
21.40
15.90
40.30
30.00
14.90
27.70
15.90
27.80
33.80
23.90
14.80
36.30
27.40
32.50
40.00
16.90
23.40
13.80
17.30
35.80
32.70
39.30
11.30
42.80
39.10
38.80
10.90
33.70
12.70
30.30
25.00
21.60
10.00
36.90
12.50
30.80
28.60
36.60
11.80
29.60
44.20
22.70
39.90
19.60
32.50
40.10
22.30
13.10
24.00
37.90
16.60
31.40
11.80
37.70
39.00
18.90
35.50
10.30
28.40
35.70
13.10
35.50
28.30
34.70
28.60
40.00
40.80
35.20
34.50
38.70
11.50
43.80
14.00
21.20
12.40
28.80
25.90
24.10
36.50
32.00
21.40
29.60
16.60
21.50
20.20
20.30
38.80
23.00
34.20
32.80
34.10
14.30
38.10
20.80
27.20
19.80
24.30
18.40
13.50
29.80
12.20
27.70
10.30
41.40
14.20
37.20
32.90
39.60
20.40
42.50
39.80
42.20
39.20
41.70
41.00
19.60
39.10
18.30
33.20
26.00
11.00
33.70
30.30
30.40
10.80
40.50
31.20
30.30
12.40
39.90
21.10
27.90
39.80
30.20
40.30
28.50
34.70
38.80
33.10
43.60
32.70
37.70
44.30
17.20
31.30
42.00
27.70
13.80
10.90
38.10
28.80
29.10
16.30
36.70
31.30
14.60
14.00
10.60
15.60
37.80
38.10
17.40
39.60
42.20
34.20
31.20
40.30
28.80
16.20
10.70
42.00
26.70
11.70
43.50
10.00
22.60
24.50
27.00
44.00
37.90
18.10
18.80
30.30
34.80
33.00
43.00
24.80
33.70
10.30
37.10
37.20
21.10
17.60
20.00
36.00
42.70
19.40
29.20
22.00
44.20
18.50
18.70
24.00
16.30
40.30
39.80
20.20
28.10
35.70
17.70
36.80
39.70
24.90
19.50
30.00
14.30
14.30
30.40
24.60
11.30
21.90
43.60
23.10
14.20
35.70
14.60
24.00
12.40
15.30
17.20
17.10
23.70
36.30
33.90
22.80
15.00
12.30
13.40
28.90
33.70
26.20
34.80
23.40
17.20
18.10
36.30
25.80
26.90
44.90
21.30
30.00
40.50
18.00
28.70
35.00
16.00
18.10
25.10
11.70
21.70
21.70
25.00
42.00
15.10
25.10
40.60
27.80
15.10
17.20
33.20
40.80
35.10
33.50
44.80
27.80
44.70
36.70
10.40
34.40
35.10
25.90
31.60
15.30
41.40
34.20
36.90
44.00
38.60
12.90
30.50
37.10
14.50
15.60
18.60
34.60
37.80
32.70
27.40
26.10
20.30
11.40
24.20
20.90
21.20
28.70
34.80
37.60
42.40
34.70
25.10
25.00
38.10
17.20
22.80
37.80
25.30
16.30
43.80
28.50
44.00
17.00
37.80
37.30
32.80
35.30
29.40
35.30
30.80
34.40
38.30
26.70
32.70
26.70
24.00
41.20
34.10
28.30
28.10
42.10
43.40
26.70
41.50
32.60
24.80
25.80
27.20
21.00
43.20
34.40
12.00
13.90
25.50
29.30
33.90
33.60
20.20
30.30
28.20
22.80
40.10
25.90
25.30
20.70
27.20
28.70
33.70
32.40
14.80
19.70
36.70
14.60
27.40
35.50
24.50
23.80
25.30
37.30
16.40
14.00
31.80
37.40
22.60
42.40
12.10
24.60
14.50
40.00
37.50
42.90
10.10
22.50
11.70
31.30
29.70
40.00
37.80
42.00
19.70
26.60
42.80
14.20
38.70
16.20
20.00
13.50
21.00
17.60
28.80
20.10
42.20
34.30
27.00
40.70
39.10
35.70
26.30
28.80
13.40
14.60
28.20
23.30
22.20
38.40
33.10
22.60
13.10
38.20
25.80
28.80
22.30
13.20
25.40
30.70
10.80
25.50
17.30
22.40
25.30
29.30
25.60
30.50
18.30
12.50
16.10
43.10
37.60
21.70
21.80
31.30
36.20
40.00
41.30
29.70
29.00
27.60
25.30
39.80
42.30
43.70
42.60
35.90
20.90
41.30
36.60
18.20
41.90
21.40
43.00
41.50
33.90
25.30
16.70
24.50
36.90
35.00
16.20
36.20
39.30
32.50
10.40
12.00
25.70
26.80
35.30
14.20
42.20
29.30
13.80
14.90
13.30
15.80
37.30
23.20
19.60
37.50
34.00
16.10
38.70
43.80
35.70
35.00
36.80
10.30
12.10
25.00
15.70
25.50
42.60
40.00
40.60
20.40
39.10
44.00
12.80
17.80
28.80
29.60
25.20
34.50
20.80
16.30
35.00
12.30
19.40
22.20
42.10
30.40
44.50
23.70
10.50
14.30
44.90
38.00
35.90
31.00
23.30
24.70
18.20
35.40
23.00
24.10
10.30
10.00
16.60
38.70
30.90
15.10
27.10
32.50
10.90
12.30
15.40
36.60
35.10
22.70
37.50
33.20
20.70
17.90
44.10
37.90
38.70
12.10
31.80
14.90
39.30
19.00
19.50
33.50
12.60
31.60
17.70
25.00
43.70
16.20
25.50
20.50
42.50
14.60
22.10
35.50
23.70
38.50
19.40
26.10
11.50
44.90
26.60
19.20
40.80
36.80
18.80
33.30
33.60
19.90
42.60
13.30
27.80
30.00
10.80
35.10
27.10
31.60
30.10
17.90
33.90
41.30
13.40
39.00
41.30
14.30
25.60
38.20
18.40
17.40
24.50
32.70
19.70
10.50
17.60
26.10
41.30
34.30
35.50
44.30
22.90
32.70
13.50
43.80
32.00
29.80
11.40
26.00
20.50
34.10
17.40
41.70
18.30
43.20
20.40
30.90
32.70
27.90
37.00
10.70
42.40
13.50
25.50
38.90
24.30
28.50
37.40
37.80
29.70
35.40
40.30
29.40
26.40
16.30
29.20
42.30
28.80
18.40
20.00
14.90
37.30
40.20
28.00
34.40
15.60
29.00
44.90
13.10
18.80
16.50
36.00
15.50
36.80
39.00
31.30
19.10
41.10
20.20
25.50
38.00
15.70
33.60
35.00
19.30
13.60
35.80
45.00
10.90
42.10
41.70
11.10
31.50
34.10
30.20
43.60
26.70
33.80
22.90
42.60
22.70
33.40
36.70
21.80
39.90
13.90
12.80
43.80
18.80
23.20
40.70
36.40
41.10
37.70
37.40
32.20
39.90
12.30
10.70
37.30
10.00
37.20
23.60
13.30
42.30
44.70
33.70
24.30
11.50
26.90
30.50
30.00
43.70
43.60
33.10
10.90
24.20
36.00
13.30
41.10
37.90
32.20
29.90
19.50
10.80
28.50
12.40
28.50
18.50
32.60
17.60
13.30
10.80
17.60
42.00
18.40
43.60
34.30
28.70
18.60
12.30
39.90
37.60
34.60
29.80
27.80
24.90
27.00
10.70
14.90
35.80
30.00
22.90
40.90
43.20
38.50
17.30
44.50
42.50
26.10
26.30
13.60
26.40
41.20
21.40
17.00
22.10
19.50
39.70
36.10
25.60
43.40
12.50
15.00
28.00
38.30
29.00
30.00
39.40
26.30
27.00
41.90
23.20
11.00
12.60
39.00
33.40
25.50
26.30
37.40
29.30
43.90
11.50
22.10
18.30
27.10
33.00
39.50
15.90
12.80
20.00
29.10
35.90
28.80
28.60
25.50
12.40
25.70
43.00
38.90
27.70
18.70
30.60
30.30
40.00
42.30
38.00
36.60
27.90
25.70
18.90
13.30
38.60
44.30
34.50
16.60
34.70
28.80
14.00
30.20
14.40
28.20
41.20
17.00
17.10
39.80
40.10
33.60
30.00
31.20
24.60
13.50
13.70
39.10
37.00
29.30
21.20
21.50
43.70
23.10
11.70
41.60
33.80
15.60
19.60
18.60
36.10
34.40
38.40
40.20
28.50
18.40
21.60
22.60
34.40
36.80
42.40
35.20
32.00
44.00
25.10
22.60
24.20
24.30
17.00
15.70
32.90
27.90
30.70
28.90
19.80
40.60
21.80
37.80
42.40
29.90
17.70
42.90
42.10
37.80
33.80
38.90
30.40
19.80
23.00
41.80
13.70
41.20
33.40
36.90
29.70
19.60
23.90
38.70
28.20
41.20
32.10
27.80
41.90
28.20
38.90
17.10
43.10
36.70
34.70
19.40
29.00
12.90
40.70
34.10
28.20
11.20
32.30
15.30
43.40
42.70
20.70
14.80
18.60
23.90
20.30
24.40
37.40
24.20
33.60
12.10
42.60
19.00
23.30
23.80
26.60
11.50
44.50
38.90
35.40
13.70
43.10
26.80
33.60
30.20
37.40
24.80
18.70
26.00
24.20
37.90
44.20
28.90
34.50
31.90
28.50
23.90
23.80
32.70
26.40
17.40
32.20
34.40
27.70
44.40
40.70
43.10
42.50
22.10
39.40
17.80
36.20
36.70
38.00
19.20
37.00
36.30
16.90
16.80
31.20
16.10
38.50
15.20
33.00
27.40
13.80
20.20
36.60
23.80
14.80
25.90
42.30
19.00
31.90
13.30
32.90
37.80
34.80
39.50
21.70
39.10
30.40
24.20
10.90
43.70
25.50
13.70
12.20
21.70
24.30
36.30
42.40
20.60
26.70
35.40
39.80
30.90
43.70
43.80
27.30
40.20
30.40
38.20
25.90
33.80
33.40
16.30
14.50
24.20
14.80
19.20
29.70
25.00
13.20
28.00
35.20
33.70
42.10
17.20
18.10
19.40
16.10
29.00
39.20
31.00
14.80
24.90
43.20
33.90
14.70
12.50
13.80
43.60
18.50
20.20
34.10
28.60
32.50
30.70
15.80
23.90
13.70
28.20
13.80
42.00
13.40
27.50
42.20
27.20
21.80
22.40
36.70
27.60
31.10
40.10
13.10
44.20
44.60
45.00
17.30
27.00
22.60
13.00
21.90
33.10
28.60
29.30
22.40
29.80
28.40
43.10
40.30
15.30
26.70
28.90
44.90
27.50
19.40
27.90
37.10
31.90
30.50
25.90
18.60
15.30
44.10
13.60
39.60
15.80
36.80
26.60
27.70
43.70
27.90
43.70
20.20
28.10
11.20
40.70
17.60
41.50
12.20
16.10
11.90
28.30
24.70
38.10
37.00
22.10
21.70
24.50
39.80
26.00
30.30
41.70
43.90
17.30
22.10
24.50
36.00
12.50
35.60
41.50
36.40
17.70
16.10
34.30
26.10
42.60
19.90
22.80
31.60
28.20
21.70
11.70
29.70
12.00
28.80
45.00
18.00
19.70
37.50
29.70
38.50
15.30
33.20
16.90
13.50
18.30
25.00
11.80
22.30
16.80
31.50
31.60
17.10
12.00
32.40
40.50
10.00
44.60
32.50
26.60
17.30
15.80
19.00
26.50
26.60
15.00
38.80
10.60
16.20
14.50
28.30
33.60
18.30
40.40
24.20
35.80
16.90
19.30
41.40
14.50
31.20
13.30
27.20
14.90
16.30
35.60
21.80
25.10
27.10
20.50
40.00
10.90
17.00
28.80
31.10
36.40
36.70
29.20
33.30
17.90
11.30
43.30
25.10
15.90
41.90
35.70
34.10
13.90
13.60
20.70
27.80
23.20
15.10
25.00
35.30
17.60
40.20
33.30
15.30
43.10
39.90
31.50
19.40
44.60
19.70
13.90
18.40
37.50
34.30
34.50
14.90
37.70
27.30
28.90
40.70
17.60
30.70
40.70
16.30
18.80
28.50
25.20
44.80
17.30
29.90
26.20
19.10
21.50
28.70
12.60
39.50
42.30
31.90
38.10
10.70
20.60
27.60
19.10
19.00
36.50
27.30
43.20
27.10
15.20
25.50
40.50
17.60
21.10
28.50
44.60
22.30
32.70
22.60
11.50
13.80
14.20
31.60
35.30
30.70
22.20
39.80
42.90
32.40
10.50
22.90
37.30
10.20
17.40
11.40
25.70
17.40
44.20
44.30
16.30
36.10
11.90
21.70
31.70
11.00
38.40
14.30
18.50
19.70
11.80
40.90
26.80
35.50
31.30
37.30
24.50
12.00
30.40
20.50
34.20
26.30
14.30
22.90
26.60
44.00
12.10
40.00
37.80
32.00
29.60
11.70
24.30
30.50
35.00
28.50
42.10
26.00
26.30
22.80
42.10
16.30
30.80
41.50
38.10
15.10
13.90
25.50
20.70
15.60
35.10
41.00
29.80
17.10
42.10
13.60
35.20
10.80
42.20
39.50
28.60
27.80
15.30
14.50
24.40
16.90
22.90
39.80
20.50
15.50
42.10
35.50
18.20
18.80
21.00
34.20
15.70
14.00
44.80
15.80
44.70
24.20
30.10
21.20
37.10
35.10
33.70
38.50
31.60
25.40
20.40
44.20
11.20
22.90
39.20
40.80
11.00
27.60
38.40
16.20
25.50
37.80
21.70
41.00
22.80
25.50
41.20
20.70
44.40
44.50
38.70
42.10
24.40
26.30
33.30
16.00
28.80
27.40
23.60
20.00
21.00
12.60
37.20
39.40
14.60
18.00
12.20
30.60
14.60
19.00
35.10
11.60
19.60
17.30
36.30
36.50
21.10
29.40
20.90
27.60
24.00
28.10
28.90
41.00
11.10
18.50
21.10
29.30
11.30
18.00
14.00
40.60
33.20
42.90
15.40
31.60
15.60
14.50
38.20
37.20
25.10
23.40
21.70
15.30
21.10
36.20
16.20
40.10
35.60
29.90
32.80
39.90
11.90
42.10
41.10
11.00
10.50
35.20
44.40
29.50
44.90
12.80
34.20
34.60
36.30
37.30
44.00
26.70
43.80
40.80
45.00
39.70
29.90
41.50
42.20
34.10
32.10
16.60
40.10
33.70
42.50
17.60
21.10
32.40
16.80
32.80
28.80
33.60
26.30
31.80
14.90
12.50
40.20
17.90
37.10
19.40
30.90
40.40
12.90
27.80
28.60
43.10
19.30
40.30
31.40
44.20
25.40
41.20
18.10
31.10
14.20
11.40
32.90
39.10
27.50
28.20
29.70
40.20
21.00
36.90
41.20
20.50
13.00
16.70
36.30
25.90
38.90
40.20
18.70
11.50
43.40
10.50
39.80
18.40
32.60
29.80
25.60
39.00
14.40
38.80
20.30
14.00
25.40
39.70
18.60
17.40
23.00
44.20
37.30
25.50
11.50
43.80
37.10
20.50
37.00
19.40
34.30
21.30
26.00
28.20
18.00
30.90
11.90
15.90
38.70
12.70
44.60
15.00
34.40
24.70
13.70
38.80
32.90
22.70
18.50
12.00
27.40
39.10
12.30
21.20
23.00
17.20
41.70
34.50
30.50
15.60
15.90
15.50
14.10
26.50
35.10
20.00
12.60
38.90
14.70
21.80
38.10
28.20
15.30
20.10
20.70
20.10
11.20
22.40
32.00
16.80
34.40
11.10
25.40
20.70
31.60
15.50
25.60
15.20
35.60
41.70
25.80
19.20
19.00
34.50
37.70
28.60
26.50
35.70
18.90
31.50
32.20
23.40
40.10
31.40
28.00
31.90
22.40
42.10
10.80
29.40
25.20
13.60
34.20
33.80
13.40
16.30
31.00
14.80
44.50
42.80
28.10
24.00
40.30
38.90
12.10
37.20
26.10
40.40
17.00
24.70
37.60
37.00
23.80
17.80
22.90
44.40
25.70
25.70
42.10
28.90
41.00
19.00
29.80
26.60
16.40
30.50
34.30
20.10
43.00
12.80
26.90
14.20
22.50
33.80
42.80
32.20
30.20
39.50
17.70
41.60
25.50
36.60
32.80
34.20
31.10
11.60
36.50
42.80
28.10
42.60
20.80
41.90
31.70
29.70
26.70
27.80
22.30
26.20
33.60
33.10
39.10
41.40
11.00
41.30
37.10
14.70
37.60
26.20
32.10
13.10
22.60
33.60
32.30
22.30
26.90
24.80
39.60
31.70
41.90
42.90
28.00
25.70
40.70
20.80
19.40
28.00
40.00
29.70
17.60
28.70
14.30
19.90
43.30
29.10
35.00
37.30
32.70
20.20
39.60
32.40
31.70
18.50
26.50
36.20
28.00
15.80
20.80
29.90
30.80
13.80
33.60
40.40
28.90
28.20
25.10
39.10
11.80
41.60
36.70
28.00
37.30
30.30
28.90
42.10
40.30
24.40
39.80
34.50
27.30
17.10
25.40
19.90
37.20
29.50
44.90
21.40
28.60
15.30
18.00
33.30
10.00
31.90
11.40
18.80
11.60
34.00
34.20
32.60
18.30
44.30
31.30
24.80
24.20
18.10
42.30
24.50
12.30
13.10
20.90
27.40
33.20
26.40
27.00
27.20
15.90
28.70
11.50
36.00
41.60
24.50
33.30
40.50
13.40
14.90
20.50
21.90
37.20
32.50
40.70
23.70
28.50
30.10
21.30
24.60
16.40
42.20
18.30
17.80
14.80
29.60
41.90
35.10
26.70
11.90
25.00
24.00
30.30
39.10
40.40
44.70
37.80
21.00
29.90
44.50
38.60
18.30
34.20
29.20
37.60
20.60
38.00
36.30
21.30
38.40
38.30
39.40
21.10
29.30
42.80
23.10
15.00
13.00
14.40
39.20
33.80
24.70
21.50
21.00
33.60
15.30
35.20
41.70
23.90
44.20
23.50
21.80
21.40
23.00
32.70
18.50
13.80
16.10
35.80
24.40
38.70
14.10
14.30
16.10
18.40
34.10
34.60
31.20
26.70
39.10
19.90
38.90
16.50
27.90
44.90
35.10
17.20
24.70
32.80
14.20
34.40
33.80
15.50
28.60
36.80
31.60
33.60
37.90
11.30
33.20
27.20
17.50
36.60
36.00
11.20
31.40
18.50
34.90
18.80
34.10
13.10
39.70
43.30
38.40
28.00
38.10
28.90
17.10
23.80
17.40
19.40
40.00
11.00
40.10
12.80
30.90
23.90
33.50
34.20
21.10
40.00
23.70
15.90
23.60
38.80
24.20
39.80
13.10
16.10
12.90
25.40
37.70
10.00
20.00
37.70
29.20
24.90
33.50
34.10
20.70
20.00
23.40
33.80
31.40
14.00
36.90
17.90
28.80
40.50
30.10
21.30
18.80
19.20
38.40
26.50
36.50
18.10
30.60
30.90
41.90
40.80
36.10
10.70
20.40
31.40
35.40
22.90
15.30
17.50
39.60
30.80
18.80
35.70
20.50
43.60
21.00
32.40
36.00
21.40
30.90
29.30
34.10
12.90
30.10
14.30
26.30
33.10
24.40
13.10
33.30
40.20
38.30
14.10
15.50
40.50
45.00
40.10
34.40
36.50
23.80
15.50
32.20
37.30
22.30
29.50
16.50
43.60
44.30
42.20
20.80
34.20
30.90
28.40
30.90
16.90
10.00
15.30
35.60
12.20
13.90
38.90
20.10
26.90
38.30
32.60
44.00
13.70
28.60
43.90
37.60
33.10
24.20
19.90
34.00
21.50
38.30
44.10
11.10
23.60
22.00
41.60
38.20
22.10
16.80
14.00
34.60
20.50
42.60
17.10
40.30
39.80
22.80
37.60
25.40
13.50
25.90
15.10
41.00
16.10
28.60
24.10
23.20
11.50
14.40
24.90
44.90
41.60
13.40
27.20
16.90
36.80
11.20
30.40
29.00
28.00
15.00
16.50
16.60
41.70
40.30
10.70
13.00
39.90
14.30
27.50
31.00
21.60
20.40
14.50
27.00
18.90
24.30
39.20
12.10
17.40
13.40
10.20
15.30
12.60
25.00
36.20
13.70
12.10
11.30
35.20
43.20
31.80
32.40
18.10
11.60
41.40
31.60
32.80
31.20
41.70
23.40
20.20
19.90
11.60
34.90
29.10
23.70
22.80
16.30
36.20
34.70
25.60
32.20
22.80
41.20
10.90
34.70
25.10
26.80
28.30
20.50
29.40
20.00
34.10
11.40
21.20
42.50
42.80
21.60
21.30
18.70
24.40
20.40
23.70
13.30
41.90
42.90
13.40
37.00
33.80
40.70
25.10
34.40
14.10
29.00
26.90
25.30
26.40
21.20
33.50
12.90
26.00
25.40
21.00
38.30
17.30
42.40
44.60
40.10
18.50
23.10
28.50
21.30
18.30
20.80
28.00
35.60
10.40
30.30
12.00
29.90
33.30
40.60
34.60
32.10
30.40
13.60
15.40
40.80
30.00
43.80
30.10
22.30
44.60
29.20
25.00
17.30
18.30
23.60
41.80
37.60
39.90
40.50
26.70
38.30
34.80
21.80
42.00
37.30
26.20
26.90
31.90
14.30
15.60
29.60
15.60
39.20
27.60
17.20
13.90
27.20
25.90
25.50
40.20
24.90
27.40
27.20
25.40
29.90
18.50
33.90
35.90
38.60
32.60
21.50
30.50
11.80
28.30
19.60
22.00
29.70
31.70
42.40
40.90
18.70
18.30
15.00
28.10
21.60
13.70
18.20
33.50
17.50
24.40
18.10
18.10
20.90
14.60
38.30
16.50
33.20
13.50
27.90
13.50
30.20
26.60
20.80
28.80
19.80
23.30
43.60
12.90
24.50
25.50
42.70
39.60
16.60
39.30
21.10
38.10
21.20
38.30
32.70
41.10
10.40
33.40
42.90
34.10
31.30
24.90
10.60
16.60
41.10
32.60
22.20
32.60
24.40
19.50
10.20
13.60
23.90
20.50
29.90
28.50
41.80
11.90
16.50
35.70
42.30
44.40
31.20
24.40
21.70
10.40
41.80
36.30
16.30
33.10
38.10
12.70
36.30
36.70
23.30
20.60
26.90
44.00
31.00
40.60
17.60
12.50
11.90
16.50
44.70
14.80
27.90
38.90
13.70
10.30
13.70
37.00
28.30
43.90
11.00
19.50
15.60
34.50
11.40
36.00
27.60
32.60
43.30
22.30
18.10
22.60
25.50
32.80
37.60
13.80
27.90
19.80
30.60
38.70
17.20
30.60
38.00
14.30
33.50
31.70
15.50
40.40
15.50
44.60
14.40
31.40
10.80
31.60
33.70
15.50
19.70
12.90
19.20
26.30
41.20
34.10
44.20
10.40
39.30
18.00
37.90
13.70
28.00
19.00
31.50
33.60
41.10
33.10
35.70
24.40
10.60
21.20
20.50
44.10
19.10
31.30
19.50
29.50
39.30
27.90
26.70
18.70
42.10
44.50
40.10
32.40
15.20
30.10
39.90
33.30
26.00
34.70
35.00
23.00
24.30
29.90
13.60
32.60
18.10
14.10
42.40
44.90
39.00
35.90
45.00
44.70
16.50
28.80
35.70
23.70
21.80
21.40
22.80
13.70
20.70
19.20
11.40
36.30
22.70
15.70
23.50
35.40
32.40
20.90
39.70
28.40
12.20
16.50
33.10
36.30
16.00
35.00
32.70
33.70
29.00
43.60
11.00
44.60
43.00
11.40
19.70
14.30
26.20
39.90
30.00
32.60
13.00
30.30
39.20
25.80
37.10
22.00
33.80
33.50
32.00
40.60
20.90
22.10
20.70
20.50
33.80
15.00
22.70
17.90
14.60
11.40
27.00
21.70
25.00
37.60
26.30
18.70
18.70
26.10
11.30
39.10
30.20
25.00
32.10
16.90
18.10
20.70
37.80
39.30
24.60
26.70
26.40
19.50
26.10
29.30
15.30
11.10
21.40
29.80
34.40
20.20
23.90
19.60
12.80
42.50
24.30
39.70
22.70
18.50
13.40
43.40
31.60
19.70
21.10
11.70
13.20
38.40
37.90
35.40
19.80
31.90
27.30
33.20
10.10
27.10
42.10
24.20
33.20
11.90
18.60
41.40
28.00
19.10
34.20
18.30
34.00
24.50
34.70
38.20
36.70
45.00
11.90
21.70
21.80
28.80
10.60
24.80
19.90
22.30
40.70
24.30
19.90
44.50
37.40
27.30
41.20
14.60
20.20
12.00
35.80
24.00
43.60
32.90
13.70
22.80
39.10
20.80
43.10
19.30
35.60
15.40
34.40
19.80
45.00
13.30
22.30
12.00
40.30
12.40
12.90
28.60
16.00
32.80
25.80
13.40
21.10
14.60
13.60
23.00
21.10
19.80
21.00
41.90
34.90
36.50
44.80
40.30
16.40
42.40
37.90
39.00
23.40
11.60
18.80
29.40
27.10
35.90
33.10
20.40
22.10
42.20
32.30
26.30
42.00
32.80
42.40
37.60
31.40
43.20
11.20
44.30
31.00
41.40
18.00
42.30
31.70
15.30
31.80
42.80
43.30
29.60
35.00
34.90
14.00
24.50
19.00
43.90
10.90
12.40
19.50
34.50
40.50
13.90
22.60
41.10
42.30
19.70
18.20
14.70
38.90
23.00
15.90
41.80
34.50
14.80
30.10
26.10
43.50
24.00
19.80
33.60
12.50
44.30
28.20
29.80
23.70
18.20
27.80
14.70
11.60
23.80
12.90
10.00
16.10
15.60
12.20
28.10
35.20
34.60
40.10
12.90
13.70
40.90
15.50
27.10
28.70
31.10
19.10
13.40
11.40
10.20
18.30
10.00
38.80
26.10
31.60
19.70
13.40
35.80
11.60
30.30
21.80
30.60
22.70
38.20
33.40
13.50
13.90
36.60
34.00
44.70
10.70
29.30
16.40
25.80
29.60
11.10
35.10
41.00
42.50
19.20
36.20
42.70
34.20
41.00
14.20
31.90
21.40
42.70
31.80
28.50
44.10
14.10
13.80
44.60
23.30
39.20
11.50
42.40
12.90
33.30
18.70
21.30
10.50
15.00
36.40
29.70
39.50
12.40
28.60
41.60
34.60
39.60
38.40
43.00
11.50
31.60
28.30
36.10
15.30
15.80
43.30
43.60
14.60
26.20
21.60
28.10
39.00
21.00
18.70
13.60
19.60
43.30
15.30
21.50
37.90
25.80
42.60
12.70
35.50
20.00
33.30
20.80
40.60
36.50
44.20
16.40
41.60
43.60
37.80
14.80
44.10
42.70
27.20
15.70
35.60
21.40
41.10
33.90
20.10
14.60
30.20
15.30
31.40
10.00
23.80
11.40
18.60
30.20
27.60
17.80
22.80
32.40
33.80
31.90
37.20
42.00
35.90
18.40
34.90
19.90
10.90
35.30
40.60
42.70
35.50
24.90
28.70
14.30
23.30
26.00
42.70
30.80
26.20
26.00
11.10
44.40
16.70
28.30
41.30
35.30
18.30
23.10
14.90
39.60
37.80
42.90
42.20
30.90
41.60
14.60
22.10
29.00
34.70
17.10
15.70
10.70
32.50
36.20
13.70
17.00
32.70
37.60
35.70
18.50
20.10
13.40
44.00
24.00
15.80
11.30
13.60
36.20
42.90
19.00
40.90
15.70
28.00
16.80
14.40
38.20
38.20
37.20
27.40
38.90
16.90
33.60
25.80
16.90
40.10
30.80
43.40
12.30
10.90
24.10
29.50
34.70
20.70
10.00
15.80
19.40
25.90
12.30
37.80
30.60
20.90
25.60
24.60
27.00
34.80
35.20
29.70
19.80
25.40
29.60
27.00
33.90
22.10
36.60
27.50
40.10
20.20
42.90
33.00
25.60
20.00
35.60
24.70
11.70
38.60
21.00
27.10
20.20
16.30
31.00
21.50
27.80
25.60
43.20
20.40
22.20
34.40
23.70
28.30
27.50
38.70
24.90
21.60
25.90
19.30
32.40
21.10
43.70
35.40
27.90
10.60
30.70
23.30
37.80
42.80
35.00
18.00
23.30
17.10
27.40
28.00
24.00
38.20
18.50
44.90
31.30
20.40
24.40
23.50
28.10
38.50
16.00
44.20
21.30
31.00
41.30
16.20
44.60
33.40
13.00
34.90
29.60
16.40
21.00
41.20
29.60
44.70
37.40
29.30
36.50
36.30
20.90
18.70
25.90
22.10
33.10
14.90
13.40
29.50
28.90
35.50
15.90
13.30
36.40
11.80
44.80
26.90
31.20
16.30
44.50
38.80
44.00
23.00
28.80
36.80
39.60
18.90
22.50
36.70
20.20
33.40
13.90
42.50
13.40
27.80
36.10
25.50
25.20
23.10
33.80
17.30
25.90
39.10
42.30
21.70
33.80
37.80
24.50
37.30
16.60
20.40
42.00
31.10
18.30
37.60
18.20
35.70
43.40
15.80
14.30
45.00
19.80
10.50
15.40
21.40
32.00
17.70
34.70
34.50
17.70
20.50
24.80
44.90
40.80
30.00
34.20
37.80
22.80
14.90
21.60
21.40
39.30
33.30
39.50
17.10
32.40
33.00
25.70
21.50
28.10
34.50
24.90
38.70
21.10
14.30
44.60
20.30
30.60
38.60
23.10
28.80
25.70
20.30
16.60
43.70
41.30
30.30
32.30
25.60
25.10
44.20
35.60
17.40
38.70
18.00
37.20
19.00
24.60
27.80
33.60
38.90
20.10
14.50
20.60
27.50
42.70
27.00
28.20
30.40
44.80
32.40
21.70
20.50
29.90
42.80
19.10
34.20
13.20
33.30
17.00
36.00
18.10
19.70
25.40
25.30
10.20
20.50
11.10
20.80
20.80
15.10
21.30
41.20
43.00
39.70
31.10
39.60
33.90
18.00
30.10
25.10
20.30
45.00
32.30
44.80
41.10
31.00
41.40
32.00
28.20
10.00
13.50
15.00
33.70
43.00
35.90
26.70
37.70
33.70
16.60
33.70
10.10
27.90
20.00
23.60
37.70
20.50
29.50
25.90
23.00
34.00
31.50
40.70
38.10
22.10
19.80
26.40
43.70
11.00
34.60
16.90
14.90
41.80
15.40
24.60
43.70
24.40
36.40
43.40
40.40
28.30
39.40
18.70
14.00
16.10
39.60
34.50
22.70
44.40
34.50
43.90
15.30
40.20
22.20
21.80
15.10
30.40
13.40
19.40
15.10
31.80
36.80
43.10
41.80
21.00
21.50
24.10
43.40
13.70
27.30
39.20
12.20
37.80
10.40
11.90
19.80
12.80
14.60
38.80
13.60
15.70
40.40
38.80
14.70
10.80
34.90
23.40
34.20
10.50
20.00
26.20
31.40
31.70
25.90
28.80
41.70
15.90
11.30
15.20
31.20
18.00
44.30
22.70
37.00
27.70
17.00
22.80
26.80
38.20
24.20
12.00
32.80
37.60
38.30
23.80
37.80
10.20
41.30
41.50
10.40
38.50
27.50
33.90
20.20
33.40
39.80
28.10
45.00
13.90
15.70
32.20
42.60
11.80
34.60
24.10
12.70
10.20
39.00
32.60
29.90
12.10
30.10
38.90
29.60
33.10
36.20
33.80
44.10
44.00
44.40
15.00
10.60
41.70
14.40
18.30
27.60
32.50
16.50
34.90
40.10
27.30
37.00
23.70
12.10
37.80
16.70
35.20
26.60
18.10
40.00
42.80
14.20
28.70
43.40
16.20
11.90
24.00
29.10
40.70
37.40
28.70
18.20
32.50
15.20
17.30
12.30
10.60
20.30
34.20
22.50
26.60
30.50
20.50
27.00
24.90
42.10
42.90
23.10
34.60
30.00
34.90
40.10
31.00
44.10
19.10
39.20
13.00
39.50
33.90
26.50
13.20
10.00
25.50
42.70
34.90
27.60
30.30
35.30
24.70
13.10
15.70
15.40
33.70
29.80
30.50
25.10
17.20
23.90
43.80
36.00
19.70
12.00
14.10
29.60
41.20
23.60
13.40
33.00
36.20
21.90
35.20
10.10
37.60
33.60
24.70
24.00
28.60
37.90
30.20
29.50
20.00
22.30
26.60
20.90
25.20
36.70
36.40
13.20
44.70
22.00
21.00
13.30
13.30
12.50
30.90
26.70
44.30
20.30
22.20
27.00
42.90
21.40
39.10
31.70
34.60
29.90
38.00
44.60
11.70
17.30
31.60
13.20
24.60
19.20
39.90
29.90
30.30
18.30
31.90
37.40
42.20
25.20
44.60
33.70
12.30
39.90
23.80
44.80
14.70
28.90
34.80
15.40
26.30
39.50
21.30
38.60
30.90
37.30
42.90
29.60
14.00
29.80
27.50
16.70
15.50
11.20
41.90
30.80
23.30
24.30
21.90
20.20
28.10
26.40
18.60
15.00
43.10
13.90
10.90
37.50
24.00
27.90
33.20
18.70
19.90
13.30
37.10
42.90
32.90
19.10
34.70
42.50
17.00
28.20
34.10
45.00
10.50
42.70
10.50
17.60
31.00
24.20
20.20
27.90
43.30
19.30
24.30
42.20
12.30
14.50
26.20
14.00
25.30
22.80
30.50
14.50
11.30
14.80
24.20
20.40
15.00
10.90
29.20
10.00
40.10
31.40
15.90
26.10
21.60
43.40
18.00
16.10
23.10
16.50
24.40
17.70
30.70
34.90
14.30
41.10
26.80
15.40
42.10
17.90
33.10
31.90
37.60
11.80
39.50
38.20
38.60
22.90
20.00
28.90
20.50
10.90
21.40
22.00
39.90
16.60
31.10
16.30
10.30
26.20
13.50
26.90
26.50
15.60
34.50
30.70
33.30
30.20
27.80
36.60
38.70
38.10
14.20
16.80
17.10
30.30
44.70
29.50
30.80
33.70
15.50
35.50
10.10
42.10
39.80
45.00
38.70
33.30
26.60
37.60
21.90
16.00
43.90
19.70
22.80
11.90
27.60
39.20
24.50
32.70
39.00
15.90
30.20
21.90
18.50
21.50
32.50
41.30
34.20
32.80
32.20
40.40
37.80
25.00
39.60
37.20
23.20
13.20
25.60
23.00
26.60
21.70
41.80
39.40
36.70
44.20
26.70
21.50
25.40
13.20
44.60
12.80
33.60
37.20
34.60
37.40
26.10
16.60
26.30
19.60
21.90
36.00
11.10
11.20
30.30
30.20
25.20
30.40
42.80
43.50
14.40
26.40
34.20
37.20
34.60
38.70
21.30
32.70
11.70
36.80
20.70
18.60
12.10
39.00
15.70
37.30
21.20
29.40
20.80
10.60
35.60
39.20
32.20
42.40
24.00
34.50
27.70
26.90
16.90
38.00
42.30
10.00
32.00
23.20
35.90
10.90
20.60
16.40
26.10
12.70
16.30
19.90
25.10
39.80
23.70
15.30
19.90
30.80
22.00
37.60
18.30
28.10
28.80
21.60
17.20
35.40
30.10
15.90
45.00
21.60
38.40
27.20
27.70
32.20
42.90
39.40
24.00
38.40
18.80
35.70
14.80
13.10
40.50
29.60
28.10
13.00
34.50
33.90
13.80
44.40
32.10
28.30
44.90
32.00
35.50
40.80
35.80
30.50
21.60
44.00
38.10
13.60
32.10
12.30
10.20
40.50
13.30
44.40
42.70
10.70
15.80
22.60
24.50
23.50
10.50
35.90
42.00
39.00
43.40
17.90
18.60
22.50
33.70
33.60
25.50
24.70
19.00
18.70
10.80
44.90
32.90
42.40
33.10
14.40
12.20
34.00
17.50
27.00
28.00
15.90
21.70
36.80
42.90
12.10
17.90
29.80
40.80
44.30
42.70
10.90
19.50
29.10
20.40
31.50
32.80
14.80
22.90
32.80
21.60
38.50
10.80
37.30
25.80
40.60
20.20
37.40
38.80
33.60
30.50
26.00
11.40
26.30
10.10
25.00
26.80
36.20
37.10
41.70
17.30
21.70
28.60
19.80
30.50
35.90
11.80
39.10
26.40
24.40
22.90
19.40
10.70
16.00
14.80
40.20
21.30
20.40
18.70
25.50
20.50
10.50
37.80
15.30
36.00
40.40
37.90
23.30
32.40
35.40
35.10
16.40
33.00
36.40
10.50
30.50
10.10
35.80
30.30
34.70
21.50
31.70
19.30
31.90
29.60
17.50
11.00
14.20
36.50
12.00
33.40
16.00
34.80
19.80
14.10
29.10
21.70
23.50
26.00
36.90
17.70
27.50
24.10
11.40
26.20
22.40
10.50
43.00
35.20
32.10
26.50
30.90
14.60
41.70
43.60
31.00
22.60
16.90
20.20
12.70
12.50
17.60
35.20
14.30
36.00
10.00
31.40
21.70
33.40
32.30
23.30
43.00
25.90
11.60
29.00
24.10
32.70
12.50
41.00
27.00
32.40
42.70
40.20
16.50
33.00
20.90
21.40
11.30
24.50
34.90
42.90
13.80
21.00
37.70
27.00
25.30
32.30
13.60
23.10
30.10
34.60
38.90
21.60
20.80
10.30
10.70
38.10
13.50
31.20
24.90
43.30
29.60
11.80
40.40
22.80
42.90
17.30
21.20
24.90
26.20
28.10
30.50
13.10
20.20
11.20
34.10
36.00
20.70
40.60
22.60
21.40
22.80
38.90
16.30
35.50
18.90
33.70
11.60
15.50
30.60
27.90
12.70
30.10
27.40
29.70
44.20
42.40
38.70
41.10
32.60
13.20
22.00
41.70
43.90
15.70
32.60
11.30
28.60
38.00
30.10
27.20
25.20
36.20
30.60
17.60
27.30
39.30
44.00
42.90
43.00
42.40
26.50
11.70
39.00
20.20
17.30
39.10
12.80
26.00
27.70
18.70
13.10
18.30
44.40
15.60
41.00
17.10
35.50
37.60
23.50
14.10
21.70
20.80
11.20
43.60
31.50
11.70
14.20
30.00
15.30
24.20
43.30
17.20
37.50
44.10
22.40
44.40
38.00
35.00
27.70
16.20
32.30
33.30
11.00
17.80
38.10
37.00
40.10
42.30
24.90
32.10
43.00
20.10
40.80
27.00
39.70
30.40
22.90
38.70
29.90
27.80
18.30
11.50
42.90
25.10
44.30
32.70
11.50
29.60
20.10
35.00
25.40
13.50
26.50
33.10
28.50
18.40
34.00
29.40
41.60
31.00
41.30
37.90
40.10
40.50
22.50
16.50
36.50
22.90
15.60
17.70
25.70
23.80
11.40
43.90
27.50
21.40
42.10
42.10
24.00
43.10
33.90
11.20
36.40
20.70
10.00
43.50
20.60
36.10
11.60
34.00
31.60
43.10
32.50
15.00
24.90
33.90
40.60
40.60
36.20
43.90
20.90
27.60
15.70
21.40
35.00
24.40
11.40
35.50
14.60
11.00
45.00
28.80
22.30
32.60
21.70
11.30
20.80
35.60
35.60
15.30
10.40
14.10
19.50
33.60
33.10
18.00
16.00
40.70
19.00
13.00
33.60
39.50
43.20
30.60
13.30
43.70
16.40
11.60
14.80
33.40
16.20
41.30
36.30
16.50
35.10
26.10
19.30
12.70
35.40
26.30
27.50
33.60
21.00
25.70
14.20
38.50
35.10
19.60
39.80
35.70
44.50
25.30
33.10
15.00
10.50
42.90
13.20
37.00
41.30
44.20
21.10
44.90
16.90
37.80
18.40
43.80
11.40
26.60
32.90
13.70
12.30
44.20
15.90
15.40
10.90
44.80
28.00
26.30
36.60
10.20
40.80
17.90
27.40
42.50
29.70
22.70
11.40
35.20
31.40
38.10
12.90
36.20
38.20
38.80
25.40
10.80
36.10
26.40
33.60
19.30
23.90
28.90
17.20
18.60
14.70
26.60
40.30
44.40
24.00
15.80
43.90
18.90
26.70
36.50
12.00
21.50
16.30
33.70
43.30
34.70
19.50
43.70
13.20
33.80
40.40
11.00
41.70
21.90
24.10
28.90
28.70
20.10
14.50
10.30
21.50
33.30
26.00
34.60
10.10
16.80
11.30
19.40
26.10
41.00
21.60
37.30
22.60
40.80
25.30
31.90
11.20
40.10
13.40
36.60
31.20
25.80
11.10
16.70
38.30
37.20
42.60
31.20
36.40
33.00
30.00
32.30
10.60
24.40
29.20
37.80
15.80
39.90
27.90
20.00
14.10
12.50
43.30
22.10
15.20
38.50
33.80
17.50
37.20
25.30
41.60
18.90
32.90
39.70
22.30
31.70
23.80
13.20
10.20
13.20
27.40
43.00
16.80
41.20
16.90
30.20
13.80
19.10
43.20
17.70
31.50
21.50
44.50
19.90
39.40
11.70
17.10
18.50
31.60
10.10
17.70
44.20
27.00
13.80
37.80
27.40
15.50
39.10
20.70
27.40
32.80
18.20
35.70
23.90
43.30
17.90
31.70
40.70
12.20
39.30
21.20
19.30
43.40
18.70
35.30
18.60
42.50
17.90
20.90
19.30
31.20
29.00
39.50
27.60
10.30
36.90
36.70
44.00
24.40
22.20
17.80
32.10
34.90
40.00
39.20
18.30
25.90
43.20
37.30
28.30
27.20
37.30
27.50
16.30
24.40
18.70
12.90
24.20
14.40
33.90
30.60
38.60
41.70
20.80
20.70
31.70
44.80
41.20
43.20
33.70
37.80
11.30
13.50
38.10
24.10
35.60
22.00
38.30
39.50
10.00
32.90
41.40
36.00
43.90
26.60
28.00
31.20
35.30
21.50
28.10
32.20
13.60
12.10
38.80
19.10
26.10
25.30
29.20
42.70
24.40
43.50
20.20
45.00
32.80
34.40
36.40
42.50
30.20
40.90
44.20
34.10
30.70
40.80
22.40
42.60
16.90
23.70
31.00
43.00
38.30
23.50
40.40
16.20
34.90
17.90
16.30
29.70
16.40
12.60
43.40
13.10
22.90
42.60
44.60
41.60
41.50
35.00
25.60
28.40
28.10
17.30
17.40
22.80
41.50
17.30
44.50
42.30
33.30
14.90
18.90
40.40
22.60
27.50
38.60
41.00
43.40
15.90
22.20
14.20
30.00
17.00
41.50
12.90
15.50
30.20
23.10
35.80
20.50
39.10
43.50
13.00
23.70
44.70
35.80
21.50
31.00
35.40
33.10
30.90
32.20
13.50
39.20
18.80
24.60
44.20
32.30
20.70
19.60
21.50
20.00
41.60
40.30
44.30
33.20
23.60
37.40
31.90
40.50
26.10
25.70
33.60
21.90
26.50
30.10
10.10
31.40
24.10
34.10
29.50
24.90
43.90
15.30
15.20
32.10
41.30
11.70
27.40
13.20
10.10
14.70
18.60
17.80
22.50
14.60
34.80
13.90
16.20
14.40
21.30
28.70
35.20
13.60
13.20
42.50
35.80
11.30
41.20
36.10
41.00
33.70
44.30
16.40
10.40
31.90
16.10
41.10
14.70
15.50
33.00
30.30
43.60
21.90
42.40
34.60
25.40
33.30
19.70
23.90
11.70
44.50
16.90
15.60
38.30
32.20
16.60
17.00
27.40
17.80
27.10
31.20
31.70
36.50
25.80
18.70
30.80
42.40
36.50
32.80
43.00
35.10
39.60
44.50
17.10
13.10
12.30
32.80
24.30
10.90
34.70
38.60
44.40
44.20
10.70
35.60
41.00
26.30
29.20
18.80
23.80
31.10
33.00
33.40
13.20
39.70
38.70
43.50
42.10
22.10
43.10
41.80
32.50
26.80
40.90
20.30
29.20
16.30
12.30
22.60
10.30
20.80
33.80
18.40
11.70
22.00
35.60
33.20
36.10
36.50
17.10
34.70
19.30
42.40
28.90
26.40
44.10
26.70
31.60
16.20
14.70
34.40
34.80
28.90
42.30
34.30
23.40
22.60
38.10
28.60
23.60
13.90
17.30
33.10
31.40
23.40
13.90
10.90
42.90
41.50
32.60
23.70
33.60
16.60
15.80
24.50
35.90
43.60
27.70
34.20
17.60
15.80
21.30
27.70
18.60
29.20
31.90
26.30
36.20
43.70
21.00
24.00
37.20
41.20
45.00
40.70
18.70
24.50
17.60
38.70
28.20
16.40
13.90
33.90
12.00
13.60
27.70
21.50
39.30
42.80
24.70
20.40
43.80
41.90
29.00
30.60
18.20
18.80
44.30
17.50
15.20
20.70
14.60
37.90
16.90
42.50
37.70
15.40
41.00
27.90
18.00
24.10
13.40
30.70
12.40
34.80
35.10
16.50
14.30
20.50
42.90
20.60
19.60
33.70
44.40
22.10
15.20
31.20
33.60
23.20
26.40
37.30
20.90
30.00
12.60
12.50
36.40
34.90
29.50
14.10
22.50
36.00
37.20
22.00
10.20
42.40
23.30
32.90
25.50
39.20
34.50
21.70
14.90
23.20
28.30
39.00
42.10
33.70
43.90
38.00
11.40
37.80
28.70
24.80
13.10
29.10
36.00
23.00
36.80
21.30
10.20
20.90
43.30
19.80
22.30
14.50
36.90
14.00
18.90
22.50
35.00
34.20
16.90
39.00
29.00
14.60
11.50
41.30
13.70
24.50
25.30
13.50
41.80
37.80
10.00
39.90
36.30
25.30
27.50
32.50
37.00
22.30
28.50
42.80
21.60
38.20
13.70
33.70
13.40
28.10
29.00
27.40
43.20
31.20
16.90
18.70
42.00
24.30
18.60
43.50
38.90
43.70
11.40
43.20
41.90
20.60
21.90
36.00
18.00
17.00
28.60
35.80
27.40
39.20
15.30
13.10
15.20
14.20
12.30
10.40
20.10
44.30
17.40
15.60
40.00
28.50
39.40
21.80
13.90
12.10
25.80
29.70
44.50
17.00
23.10
40.40
29.60
16.30
16.90
19.80
10.50
36.40
41.60
10.20
36.80
35.50
26.60
25.20
24.90
24.50
38.10
36.30
10.80
43.70
13.70
31.40
40.60
28.80
41.20
16.80
23.80
23.80
24.10
43.70
17.00
22.10
33.10
37.00
18.40
35.10
43.10
24.50
17.10
33.10
38.70
12.70
12.30
15.10
38.60
39.00
19.30
11.70
38.70
15.60
17.10
18.60
35.50
41.10
26.10
10.40
28.00
33.80
33.50
24.30
15.60
17.50
25.10
11.70
43.50
15.00
29.80
15.60
39.40
26.20
21.10
26.30
16.00
23.20
35.50
38.90
13.50
35.80
41.00
30.30
33.90
44.40
33.20
40.40
33.50
42.80
45.00
22.80
24.60
13.90
28.50
36.10
41.20
24.50
10.70
29.00
13.40
40.30
23.90
34.30
31.20
12.00
37.40
11.60
17.60
21.70
33.90
38.00
21.50
40.30
25.90
21.00
29.00
23.10
38.00
29.60
32.00
36.10
40.50
28.70
39.80
38.10
34.50
35.30
33.20
22.60
27.70
44.50
39.10
23.50
24.60
18.10
17.80
21.80
14.90
42.20
16.00
40.50
16.40
13.20
27.90
10.40
31.30
44.30
19.20
37.30
12.40
31.40
26.30
44.20
39.50
34.60
10.00
37.60
31.80
27.40
15.40
27.10
31.80
41.40
40.00
17.20
18.40
27.30
26.00
39.20
10.50
26.50
13.70
24.60
15.70
38.30
27.10
40.20
33.70
43.30
42.50
24.20
43.50
32.60
11.10
28.90
37.50
35.60
22.20
24.60
30.40
21.70
19.60
42.00
21.20
39.70
26.40
20.50
15.00
23.70
33.80
14.90
11.00
30.70
19.40
21.10
37.30
36.00
29.50
18.00
23.20
40.80
29.50
31.10
24.50
30.60
18.50
40.40
29.50
13.20
30.40
24.70
42.80
27.40
17.20
19.00
21.90
23.70
26.10
32.50
36.90
41.70
21.30
42.70
31.40
20.90
18.60
21.70
26.30
21.50
12.40
29.90
40.50
21.60
13.70
19.10
18.00
43.50
44.70
11.90
39.40
41.40
25.50
30.40
38.60
39.20
16.30
41.20
43.20
31.80
26.50
36.20
34.00
17.50
44.40
44.10
40.80
44.20
23.20
24.00
17.30
31.80
42.50
34.00
22.00
30.70
41.40
10.60
16.90
36.20
21.40
30.60
25.20
31.40
31.20
22.20
28.70
44.60
34.80
33.70
17.80
34.70
16.30
42.80
10.80
30.20
10.40
10.30
29.30
11.40
31.30
16.00
12.80
44.60
34.30
15.40
20.40
19.60
24.60
25.70
12.10
13.00
31.90
26.20
32.70
14.20
22.70
17.50
34.10
32.70
25.00
20.60
24.20
37.40
20.90
27.70
36.10
18.30
11.90
15.70
12.90
37.70
36.80
30.00
35.10
43.00
11.60
21.10
18.30
30.00
29.70
19.90
30.10
26.90
34.40
39.30
11.90
30.20
37.90
15.90
18.00
15.70
28.50
43.50
20.80
27.90
39.20
19.20
26.80
13.40
25.50
27.80
39.60
34.10
15.40
27.00
27.70
36.80
37.30
27.20
19.00
30.30
37.60
19.30
14.20
34.40
38.60
21.70
36.30
22.80
24.70
26.70
39.60
41.70
19.70
36.10
40.50
14.90
10.50
12.30
12.90
24.20
27.00
17.10
24.20
44.80
35.50
22.60
25.00
19.20
22.20
14.30
33.10
12.70
30.80
39.30
39.90
39.70
32.20
36.40
29.60
22.40
27.90
22.10
41.60
38.90
24.50
19.30
30.10
20.70
36.70
19.50
37.10
10.30
18.80
36.00
43.00
31.90
40.00
31.90
39.90
41.70
30.10
41.90
29.40
25.10
35.30
23.20
22.60
17.90
12.00
24.20
36.10
19.30
21.30
14.90
35.70
24.00
28.70
42.90
30.70
44.90
10.10
13.00
29.00
40.90
23.90
40.40
38.40
38.90
10.60
11.50
17.50
44.20
43.90
26.40
39.50
10.50
19.00
38.30
13.20
38.20
30.70
23.90
41.80
14.80
17.40
23.30
42.10
20.90
20.20
38.10
14.70
38.50
34.40
35.40
33.10
35.40
16.60
29.10
17.50
34.50
28.10
14.60
40.40
43.60
31.90
21.30
44.40
17.80
24.30
13.70
23.90
34.90
36.60
29.10
16.20
40.30
24.10
39.60
24.50
25.70
30.10
41.80
27.70
36.40
12.60
39.10
43.10
22.90
28.70
25.40
34.40
15.70
32.60
44.10
42.50
31.60
38.70
38.40
25.70
45.00
30.80
42.30
43.80
10.90
41.60
30.10
14.90
26.00
30.80
24.50
31.30
25.90
26.20
43.60
44.50
44.20
37.10
18.50
23.20
31.60
39.40
23.50
30.70
18.80
41.20
15.80
29.80
36.50
28.10
21.40
36.00
10.80
11.10
12.80
23.10
36.20
35.60
35.30
25.30
12.20
38.40
21.50
44.80
33.80
32.20
15.00
36.40
23.50
19.90
15.70
29.00
23.00
42.10
14.50
40.10
25.00
43.60
24.10
36.90
41.90
13.50
32.50
30.10
40.90
30.70
39.70
27.70
27.00
14.80
44.80
22.50
39.30
13.40
34.50
29.70
34.30
40.00
32.70
36.70
15.60
35.80
27.30
14.20
16.50
26.80
26.80
19.30
11.40
37.20
20.20
32.00
15.80
17.40
41.20
36.60
29.30
38.30
13.30
10.80
43.60
24.50
28.00
22.30
15.80
27.40
22.00
21.10
31.40
18.00
19.20
27.20
12.10
25.30
34.30
17.80
17.40
33.90
25.40
22.50
22.20
18.60
26.70
25.60
34.70
42.60
23.20
42.60
30.60
43.90
18.60
27.30
40.00
37.20
13.60
12.10
13.30
18.40
37.80
15.50
28.20
30.90
43.40
39.70
43.10
13.30
23.80
19.10
14.30
10.10
37.40
24.30
15.30
13.70
21.50
30.10
29.80
36.50
29.80
16.90
41.80
35.80
20.70
40.40
24.70
22.50
14.30
32.90
11.50
27.60
23.90
26.20
33.30
19.10
28.90
12.00
14.40
32.00
10.40
44.80
34.90
42.80
10.60
31.40
37.00
17.50
28.90
13.90
39.00
32.20
43.60
36.40
37.50
38.60
15.70
40.40
19.20
10.10
37.00
15.30
41.60
23.10
27.10
22.80
28.60
23.20
43.30
31.80
22.60
12.60
17.60
42.10
43.30
35.80
10.90
29.40
16.60
34.30
23.90
37.20
28.80
28.90
38.40
31.90
20.60
18.00
43.50
31.00
17.70
26.70
41.90
15.80
10.20
14.60
43.40
10.80
35.60
23.40
20.80
30.30
41.20
18.90
30.70
41.70
44.10
12.60
20.80
30.70
19.20
42.50
21.30
40.70
38.90
44.10
36.90
43.50
30.00
43.40
36.60
32.40
13.60
16.00
21.00
14.80
35.40
43.60
28.80
23.90
29.20
10.60
41.50
36.70
41.30
24.90
28.10
21.40
29.90
44.60
40.00
22.70
27.90
14.20
43.60
28.90
26.30
31.30
35.20
20.10
11.90
13.70
44.20
33.40
10.50
31.30
42.30
16.40
38.20
16.00
32.90
41.30
13.10
16.40
30.20
11.90
13.80
14.70
30.90
41.10
40.70
13.70
43.30
19.70
23.70
21.90
40.70
16.30
24.70
19.20
15.70
27.30
40.10
44.30
37.40
20.00
22.30
24.70
15.90
40.20
12.60
26.70
10.40
27.20
23.80
23.80
34.30
22.70
27.10
12.30
25.60
29.70
43.30
30.20
17.00
20.00
40.40
43.40
27.70
18.70
16.80
29.60
41.80
30.60
25.00
26.20
20.20
33.70
16.80
18.80
38.30
36.70
43.10
36.30
33.10
12.00
17.30
28.90
37.50
38.60
32.20
12.80
29.80
19.80
42.00
30.50
14.60
29.70
16.10
43.30
21.40
29.90
20.60
10.10
25.40
30.80
43.40
15.90
21.70
41.30
16.50
44.60
20.00
32.60
43.20
32.10
44.10
43.30
42.50
11.80
12.70
31.90
41.60
39.10
31.10
34.00
24.50
22.10
14.80
29.10
20.40
23.70
21.00
20.60
42.50
41.60
13.80
15.70
29.30
25.00
34.90
39.00
25.60
34.70
15.10
15.00
34.90
37.00
10.70
11.60
34.70
42.20
18.90
36.20
10.00
16.30
26.80
13.40
43.30
20.20
26.10
23.60
32.20
19.60
44.40
37.40
43.60
31.90
42.50
12.00
13.80
42.20
37.90
11.90
33.90
34.00
10.50
15.90
12.00
12.60
39.50
31.10
30.80
28.20
34.80
28.70
39.50
41.40
35.70
21.10
32.20
15.80
44.30
43.10
40.10
30.60
44.50
44.00
19.90
22.70
33.80
41.40
41.00
19.30
29.80
43.40
21.20
28.80
28.00
42.00
44.30
15.30
31.60
12.70
12.10
14.80
24.40
13.80
23.10
14.60
43.80
29.90
33.40
14.00
17.90
43.00
29.70
10.90
25.00
30.50
44.30
30.40
19.10
21.30
10.70
14.50
28.00
17.30
26.00
36.60
39.70
38.90
30.70
23.40
13.70
13.30
10.00
44.30
20.70
31.20
37.90
11.80
44.70
38.60
14.80
27.20
44.70
28.20
40.90
20.40
27.40
42.20
40.70
26.10
34.70
20.90
34.10
19.10
14.90
25.80
21.60
36.10
11.10
39.40
23.00
16.80
16.40
32.00
27.40
29.50
35.90
26.60
37.10
18.70
35.60
18.00
18.80
34.60
16.60
13.30
17.90
23.10
13.20
32.90
30.30
43.40
27.80
25.80
33.30
35.60
37.60
42.00
25.20
23.80
38.30
29.40
16.80
10.90
32.80
15.80
25.90
27.80
44.30
21.70
32.00
32.50
10.00
36.60
29.80
17.70
12.60
12.00
15.70
35.80
44.30
20.00
32.20
26.10
13.50
35.80
37.10
39.50
29.20
32.20
17.30
30.00
13.50
19.80
16.70
15.90
29.90
26.80
15.70
38.60
13.00
29.90
24.60
16.30
30.30
40.80
40.00
13.80
14.00
36.40
19.40
18.70
42.40
19.90
41.00
27.50
40.40
37.20
12.50
12.00
43.50
41.80
34.40
19.50
16.10
35.80
18.30
21.50
15.10
31.10
28.40
22.10
44.30
10.20
37.20
29.10
38.20
44.80
40.60
42.80
44.60
37.20
10.00
34.50
11.30
21.90
39.20
37.30
16.40
43.20
29.80
21.30
14.80
30.00
17.50
14.10
41.20
39.80
18.80
14.20
18.00
18.60
16.70
30.50
43.50
36.30
23.00
15.70
41.70
10.60
21.00
14.40
38.60
15.80
45.00
34.80
25.30
18.60
29.30
29.30
24.90
26.80
27.00
23.90
44.40
37.30
14.10
14.40
21.00
26.90
24.30
25.20
33.70
38.20
17.00
30.20
40.00
17.20
39.30
26.30
37.10
15.60
12.80
32.20
12.70
28.80
23.80
12.00
11.60
22.80
44.70
14.80
14.60
21.90
17.60
29.30
44.80
11.80
23.50
19.10
36.90
23.40
43.00
22.60
24.20
10.70
42.50
34.30
10.60
36.40
26.00
39.00
13.70
28.60
43.40
10.00
15.80
35.70
25.50
18.20
12.20
17.70
18.20
35.40
38.30
23.00
27.70
41.50
16.60
35.80
31.60
13.60
30.00
18.20
13.50
44.00
12.90
25.30
32.20
23.90
39.80
20.40
31.30
19.90
34.80
27.70
34.90
22.80
38.80
14.10
22.90
33.80
26.80
20.40
17.10
41.10
16.90
18.80
32.70
11.90
15.60
35.00
26.90
16.40
39.60
29.20
30.00
41.80
34.10
39.50
27.80
44.00
13.50
21.50
40.80
15.80
21.00
25.70
43.80
16.90
14.70
19.70
32.80
10.40
32.10
38.80
13.60
30.10
36.30
42.10
25.50
32.00
35.10
26.80
25.90
26.70
11.90
12.60
33.60
10.00
21.80
25.60
35.20
15.60
38.20
13.10
31.70
41.10
16.60
34.10
29.60
41.20
16.00
35.70
21.50
14.80
30.60
44.00
28.40
17.90
14.40
40.30
15.60
38.90
44.00
15.70
39.50
44.80
35.90
17.70
41.40
21.30
40.80
32.40
14.30
42.70
36.80
15.90
37.30
20.60
19.30
26.00
44.20
20.20
18.70
11.10
20.60
16.40
22.80
41.00
32.60
12.80
26.40
12.30
31.10
18.40
10.80
16.60
36.70
43.40
17.30
22.80
42.50
45.00
30.60
29.00
18.50
37.90
42.30
44.90
38.60
33.30
23.50
13.30
27.20
44.60
10.00
15.10
26.00
31.40
20.50
21.00
21.80
35.50
38.90
20.40
39.20
18.20
41.00
28.50
20.00
10.50
36.20
14.10
41.30
30.20
32.10
44.30
10.10
38.00
18.60
28.00
21.40
38.90
43.20
44.80
16.90
38.00
25.70
10.00
23.90
12.90
16.10
43.70
23.20
