41.80
18.30
25.60
22.30
37.30
25.90
20.90
15.90
17.80
20.90
25.30
32.10
13.80
14.60
16.30
24.20
25.80
37.00
34.40
21.40
23.80
13.50
17.60
42.90
18.60
31.50
39.50
42.80
44.30
34.80
25.60
38.10
43.00
32.50
39.30
34.90
17.40
20.40
19.80
32.00
23.40
40.90
20.80
42.20
31.10
25.40
44.60
31.40
31.60
29.50
40.60
41.20
32.40
15.70
38.00
11.90
11.00
33.10
19.00
41.70
22.50
18.00
21.60
14.20
15.20
18.30
44.80
28.80
39.90
14.80
27.80
22.40
38.40
32.50
24.10
41.50
36.70
34.70
43.90
29.60
23.40
24.10
37.40
22.50
33.80
44.30
21.50
25.20
28.70
10.20
44.00
27.40
25.20
20.50
17.60
21.80
38.00
38.50
31.20
36.30
42.20
38.30
30.50
28.70
13.00
13.80
30.60
37.20
30.20
11.60
21.70
13.40
27.10
22.50
43.40
32.30
43.80
27.30
18.40
39.50
18.40
42.70
13.60
32.10
28.20
33.60
43.80
15.30
31.80
29.80
43.40
11.00
25.10
37.70
12.80
40.00
39.90
16.60
32.70
38.70
36.60
43.80
12.90
29.20
24.50
14.10
20.00
33.40
38.60
23.20
31.30
32.00
40.50
31.50
15.00
27.00
22.90
31.70
24.90
10.50
42.80
14.10
21.90
14.50
17.60
13.10
16.00
44.70
29.00
27.50
17.10
38.60
15.50
28.80
26.50
11.40
40.90
20.50
43.10
23.90
22.70
12.70
24.20
43.40
13.00
26.00
32.50
24.00
30.80
18.40
33.70
42.50
24.40
25.20
31.20
17.10
32.50
32.20
35.90
31.40
19.60
15.10
19.80
27.00
14.80
33.00
16.10
34.70
12.80
20.00
42.10
44.70
19.20
32.50
18.70
26.00
26.40
13.70
10.60
22.30
44.80
11.00
15.10
18.90
44.20
16.20
35.30
21.50
39.30
12.60
39.70
33.10
14.80
41.60
23.90
32.80
41.80
13.50
34.40
28.80
17.90
27.10
43.40
44.30
41.80
43.30
19.80
35.60
13.60
21.10
16.30
40.50
30.00
17.20
15.90
36.80
41.40
29.00
28.80
30.60
18.80
39.30
15.90
30.10
32.10
40.50
22.00
22.40
25.20
17.90
28.80
40.10
12.00
44.00
19.80
37.30
34.20
44.00
32.00
32.40
43.50
37.60
19.10
39.50
35.00
23.90
27.80
16.20
26.20
41.60
11.30
14.10
26.40
29.30
11.70
20.60
29.90
11.20
27.90
23.60
31.50
44.30
21.60
44.00
37.90
18.00
29.80
34.30
26.30
29.30
18.30
26.10
30.10
24.40
32.50
24.70
12.50
21.60
43.90
38.80
43.60
31.40
12.70
14.50
24.20
44.70
37.90
18.00
31.10
13.10
26.30
34.70
29.40
31.50
31.30
32.10
32.00
36.60
36.10
16.70
26.30
16.30
18.00
23.00
18.40
14.20
28.90
20.40
25.70
22.40
36.60
29.80
36.10
24.90
30.60
10.90
27.30
14.70
13.00
23.40
31.90
24.40
15.10
43.30
41.00
13.10
35.10
43.70
15.30
16.40
44.70
43.30
16.80
24.10
24.10
44.50
34.10
27.30
16.40
41.40
41.60
43.40
10.40
21.20
34.70
15.50
31.20
33.90
30.80
40.70
41.70
19.80
37.20
25.30
24.40
25.80
18.40
10.80
28.10
35.30
29.50
34.70
42.20
18.40
40.70
11.70
19.00
20.90
25.40
13.10
41.70
40.30
38.00
40.20
39.60
36.90
36.20
29.00
33.60
15.30
39.70
23.70
29.10
19.60
31.30
26.60
26.90
30.50
33.40
42.30
30.70
26.00
41.60
11.80
10.10
25.80
30.50
29.70
35.10
34.30
20.40
29.40
30.20
28.90
42.90
28.20
26.60
40.60
34.80
22.10
37.10
38.50
16.50
29.50
33.40
43.00
18.60
43.10
44.40
44.20
38.40
42.50
41.90
22.10
32.10
27.70
41.20
19.90
32.80
35.20
12.20
14.40
22.30
18.70
38.80
17.40
18.40
25.60
20.10
25.50
37.00
10.00
27.30
23.80
43.90
22.00
24.20
34.30
39.30
11.50
38.00
40.00
41.10
27.50
40.50
42.00
10.50
22.20
18.10
32.20
17.10
31.40
22.30
14.00
23.80
35.10
10.40
22.70
17.50
35.40
24.90
23.50
16.30
23.90
30.80
26.20
34.20
20.30
34.70
19.80
21.90
40.00
34.10
21.90
14.00
42.50
25.80
36.50
38.90
42.20
15.90
40.30
30.00
14.90
27.70
15.90
27.80
33.80
23.90
14.80
17.90
28.90
37.20
33.60
39.80
27.50
25.90
27.90
31.90
41.50
23.10
12.80
13.10
31.30
23.90
10.40
44.40
34.00
25.20
14.90
42.10
25.40
14.80
35.40
43.20
29.00
29.70
17.10
14.90
25.80
40.80
23.70
19.00
43.20
25.10
40.70
43.40
41.00
44.80
16.50
44.20
15.00
23.50
13.30
40.90
27.50
42.90
27.90
26.00
37.50
14.80
29.10
11.90
30.00
17.30
23.30
38.90
21.30
43.50
38.00
36.40
33.60
28.50
14.90
10.70
26.90
31.90
33.30
35.90
15.40
32.80
36.50
38.90
14.10
12.00
21.10
44.70
38.40
27.60
25.20
28.80
35.60
15.20
24.90
43.80
15.10
30.30
44.60
17.00
27.30
20.10
31.20
34.40
10.90
44.10
44.90
36.10
24.40
42.90
27.30
31.20
10.80
20.40
30.40
28.50
18.20
21.30
41.30
15.30
22.30
10.30
44.00
10.60
15.50
28.80
31.80
22.80
14.90
24.60
17.00
43.80
14.00
21.20
12.40
28.80
25.90
24.10
36.50
32.00
21.40
25.40
29.90
35.60
40.80
10.70
17.00
19.20
22.60
28.40
24.00
37.00
30.50
30.40
42.30
41.90
27.50
26.80
34.10
16.80
16.60
23.30
32.30
43.60
40.80
29.40
30.90
32.20
19.40
44.90
39.80
34.00
13.10
23.40
34.60
38.70
29.20
40.60
35.80
36.30
33.10
33.70
30.30
30.40
10.80
40.50
31.20
30.30
12.40
39.90
21.10
44.20
33.70
24.40
30.90
40.40
36.10
42.10
27.70
36.40
19.20
33.50
11.10
17.70
23.30
43.00
23.60
43.60
12.30
26.30
16.50
26.20
13.50
32.50
19.00
14.70
21.00
22.60
13.30
40.40
14.80
31.40
23.90
30.40
25.00
38.90
22.40
12.70
12.40
10.40
12.50
34.10
15.50
20.50
23.80
34.50
28.80
44.10
37.40
25.30
36.00
29.00
20.30
14.90
20.50
35.30
15.20
14.20
23.20
28.80
19.10
34.10
17.60
38.50
38.70
38.40
44.80
41.50
32.20
40.40
23.10
10.00
22.50
25.80
22.10
40.10
37.30
15.10
31.00
11.60
20.00
44.70
25.90
29.50
32.10
37.00
36.20
38.70
43.90
19.20
42.90
15.70
34.80
37.10
38.70
15.30
16.10
15.50
16.00
23.10
11.60
26.70
11.70
43.50
10.00
22.60
24.50
27.00
44.00
37.90
18.10
27.30
14.50
36.00
29.20
30.60
26.30
18.50
16.20
30.10
26.60
42.50
17.90
25.40
16.40
21.30
21.10
16.90
37.10
22.90
36.30
25.10
42.70
31.10
16.80
15.30
42.70
20.70
17.50
34.20
37.30
18.70
24.00
16.30
40.30
39.80
20.20
28.10
35.70
17.70
36.80
29.50
26.20
10.50
19.40
15.20
39.70
16.40
30.30
18.70
20.50
33.00
10.60
36.90
31.70
34.90
30.20
34.60
22.50
28.30
37.50
12.00
32.20
23.20
21.80
23.80
21.70
20.30
25.90
26.10
32.30
42.70
39.50
25.60
22.90
18.90
18.10
44.00
26.50
24.90
31.90
41.90
16.00
42.30
27.80
30.60
42.50
32.50
37.60
15.40
27.90
38.80
27.70
24.60
14.70
19.30
42.00
44.20
16.70
42.40
28.70
37.70
25.60
20.60
12.40
11.60
17.90
16.50
30.60
16.50
10.10
28.60
42.70
38.10
26.50
32.50
20.70
40.60
35.90
42.90
36.90
24.20
20.90
21.20
28.70
34.80
37.60
42.40
34.70
25.10
25.00
16.60
25.50
34.30
41.20
26.80
30.80
37.50
20.60
17.50
35.20
37.30
27.50
17.60
38.10
41.70
30.30
13.30
30.80
22.30
38.00
13.80
34.50
25.90
28.50
25.90
29.80
41.30
26.40
41.60
21.30
30.70
42.00
40.80
44.90
35.00
21.10
15.00
43.90
39.40
23.30
40.80
37.10
41.50
23.30
29.80
37.90
36.80
39.70
10.90
10.50
33.10
20.30
14.60
44.30
34.40
13.40
33.30
38.40
18.80
44.70
34.60
17.30
37.10
33.30
36.20
32.40
20.10
15.60
22.60
10.90
24.70
32.00
16.90
18.60
26.50
41.00
16.70
33.30
39.00
20.00
20.90
41.30
36.60
18.20
41.90
21.40
43.00
41.50
33.90
25.30
34.70
38.30
30.70
28.40
43.70
12.50
14.70
38.20
42.50
32.60
34.20
13.70
23.10
27.40
36.90
20.40
15.80
10.70
25.70
30.30
19.70
35.40
36.00
42.60
26.60
24.60
29.60
26.80
24.20
40.80
15.20
40.50
35.00
17.00
27.10
35.60
32.90
32.60
11.00
10.10
30.70
38.80
22.00
10.90
16.50
24.50
29.40
29.10
26.30
37.10
24.60
22.30
22.40
42.60
26.40
28.60
21.10
21.80
16.50
25.50
33.10
26.30
22.30
11.00
29.70
37.60
10.20
29.80
33.70
13.70
21.20
43.80
26.40
39.80
41.60
42.70
26.00
16.60
40.70
40.10
33.00
12.80
23.40
25.30
29.70
44.60
18.00
24.20
11.20
30.40
34.90
28.60
22.50
28.50
35.50
13.00
30.10
26.70
19.60
19.90
30.50
30.40
11.70
29.80
43.10
42.60
14.60
43.60
23.00
43.90
38.30
21.50
40.90
14.20
12.30
43.50
20.60
24.90
18.10
43.40
10.70
39.20
34.60
38.60
20.10
25.90
40.50
41.20
12.90
29.40
26.20
40.70
31.40
19.50
33.20
39.60
29.80
33.90
34.20
38.70
31.30
41.70
21.50
35.10
42.30
39.90
31.90
18.80
38.40
28.60
17.80
36.50
39.50
36.50
17.10
39.30
22.90
31.60
27.70
11.90
11.70
36.10
38.50
21.10
17.40
23.80
44.70
30.10
43.60
27.20
36.70
40.60
36.50
41.20
43.30
42.00
25.50
15.80
20.10
10.70
32.90
20.20
37.70
39.30
28.00
24.90
17.10
35.80
20.20
36.90
39.30
30.30
41.30
12.80
22.20
22.00
39.10
32.60
18.00
35.00
22.50
26.30
41.00
42.10
26.50
39.70
15.90
22.50
10.60
33.10
29.50
25.10
23.10
17.90
33.80
40.00
42.10
11.60
17.90
13.90
31.20
10.10
14.20
19.40
22.20
19.40
17.50
33.10
17.60
22.80
15.30
21.60
12.30
27.50
21.30
25.60
11.80
22.10
10.00
39.20
19.70
34.60
44.70
18.00
41.70
12.60
44.80
19.70
20.50
27.00
12.40
20.10
28.20
24.40
17.90
11.30
15.70
27.70
25.80
19.20
45.00
10.90
42.10
41.70
11.10
31.50
34.10
30.20
43.60
26.70
43.10
14.80
35.70
44.50
38.60
17.80
24.50
29.70
27.10
37.00
14.00
31.40
15.30
27.60
26.50
23.90
38.10
24.30
38.10
36.20
38.00
37.60
17.00
17.30
24.10
35.10
23.20
17.30
12.80
16.40
12.90
40.70
16.90
26.50
33.40
24.90
34.50
17.20
17.40
38.60
39.60
39.90
33.90
13.00
14.30
32.70
15.20
22.60
11.70
12.50
24.90
38.00
16.10
35.50
42.60
36.90
36.80
36.30
41.90
26.10
15.90
18.60
25.10
43.50
11.90
40.10
23.40
18.30
10.10
36.30
29.90
23.50
35.90
26.60
17.70
20.30
33.90
24.60
17.00
20.70
32.30
43.80
39.30
17.70
38.00
18.90
21.80
17.30
33.20
34.50
31.90
41.00
24.00
26.00
19.80
28.30
11.40
32.50
32.10
42.60
19.30
43.70
21.90
14.10
42.90
13.70
10.50
21.00
22.80
23.90
18.80
30.60
14.40
16.50
42.90
29.60
27.00
16.10
17.60
30.40
20.40
11.20
12.10
16.10
20.10
21.70
33.10
21.90
10.30
21.20
18.80
39.20
33.30
25.60
42.50
27.10
38.20
11.80
18.40
36.90
43.80
45.00
10.10
31.20
42.60
23.80
21.60
13.00
32.30
14.40
38.60
43.50
20.70
38.60
42.50
26.20
20.50
23.60
42.70
20.70
36.80
31.10
23.80
40.00
25.40
36.10
30.50
39.60
12.30
29.60
11.00
34.80
35.10
12.60
19.10
28.80
19.20
14.40
30.30
39.90
33.60
30.00
31.20
24.60
13.50
13.70
39.10
37.00
29.30
21.20
26.70
41.60
28.80
14.40
25.80
39.70
44.20
31.20
42.30
35.00
32.40
21.50
26.20
36.50
15.50
28.90
12.00
40.30
21.10
18.80
36.10
44.80
22.80
34.50
30.50
17.70
12.40
18.50
13.80
33.30
37.40
26.90
14.50
26.80
31.30
13.30
41.00
29.60
13.50
28.00
27.80
41.90
28.20
38.90
17.10
43.10
36.70
34.70
19.40
29.00
31.40
33.80
12.70
19.80
25.50
43.50
12.30
20.90
34.00
38.00
27.60
31.10
27.00
33.10
30.50
36.30
28.70
22.50
25.70
29.20
40.70
40.70
23.90
43.80
15.90
35.00
20.70
32.80
41.70
10.80
41.10
15.90
13.50
42.10
24.50
40.70
34.20
17.00
28.30
20.10
38.70
33.20
28.50
32.00
43.20
20.70
36.60
41.70
32.80
43.80
42.50
42.70
20.10
37.90
39.80
26.90
41.60
36.10
16.30
21.70
21.00
37.20
25.20
29.90
40.30
37.50
28.80
35.10
26.50
20.80
23.40
27.90
28.90
42.50
30.10
29.20
43.90
17.00
33.70
43.90
37.50
32.60
19.80
22.80
18.60
16.70
42.50
36.80
11.30
16.50
23.20
30.60
23.80
17.10
24.50
11.90
31.60
38.70
38.40
29.30
34.40
37.40
23.10
11.10
13.00
39.10
16.30
42.30
30.60
32.80
34.50
27.00
39.20
30.20
13.50
30.80
34.40
35.30
37.30
13.70
25.50
32.00
12.20
12.40
27.90
31.30
17.80
13.50
44.40
33.10
23.30
23.90
43.30
32.30
16.30
28.50
20.60
20.80
29.10
16.00
36.30
34.80
35.40
22.60
11.30
17.10
42.00
29.40
41.20
20.90
28.90
26.70
23.00
12.10
19.10
30.80
19.60
35.30
42.60
10.10
28.20
31.90
39.60
26.80
26.90
12.20
18.00
15.00
36.60
21.20
32.70
22.40
43.80
30.70
16.30
29.20
37.50
13.40
41.90
38.40
16.10
11.90
28.30
24.70
38.10
37.00
22.10
21.70
24.50
39.80
26.00
30.30
41.70
43.90
17.30
22.10
24.50
36.00
12.50
35.60
13.50
42.00
36.30
30.10
42.70
30.80
25.30
42.20
37.00
37.60
28.20
21.70
11.70
29.70
12.00
28.80
45.00
18.00
19.70
37.50
19.50
27.80
39.00
18.80
15.00
39.80
43.30
23.30
11.50
18.30
40.10
19.10
10.30
30.00
41.10
44.00
37.50
26.60
34.80
33.20
38.10
36.40
16.60
13.20
13.30
18.20
26.00
17.80
35.90
35.90
30.80
41.60
28.20
12.90
19.80
38.80
17.00
20.00
22.80
16.00
31.70
29.50
19.40
40.30
15.90
43.80
29.90
15.90
11.60
19.10
20.50
40.00
10.90
17.00
28.80
31.10
36.40
36.70
29.20
33.30
12.40
36.50
20.80
11.60
41.10
22.30
19.90
41.80
13.80
14.30
18.50
17.20
24.50
13.00
34.60
25.10
16.10
31.00
40.50
37.00
26.70
21.50
43.90
14.80
21.20
39.70
18.90
29.50
34.50
38.20
40.90
36.60
26.30
16.80
16.80
41.10
37.50
27.10
44.10
20.80
38.90
17.20
38.30
44.70
32.00
19.30
29.00
31.90
16.80
26.80
33.60
23.50
19.20
36.00
18.50
32.00
24.90
16.80
44.00
11.70
18.80
28.50
25.20
44.80
17.30
29.90
26.20
19.10
21.50
28.70
22.20
22.90
22.90
22.50
37.60
31.70
11.50
16.80
26.30
16.10
39.80
21.20
21.50
21.60
36.90
34.40
29.10
25.40
30.90
41.70
37.80
12.80
37.20
20.60
14.90
32.90
33.60
36.50
39.20
33.10
38.40
14.30
18.50
19.70
11.80
40.90
26.80
35.50
31.30
37.30
36.40
36.00
16.60
33.10
39.30
38.60
17.00
20.60
25.00
39.50
40.00
39.60
22.30
13.10
37.30
42.60
41.60
23.20
22.50
26.60
35.20
32.50
26.00
25.30
37.40
24.90
32.20
38.00
34.80
21.70
38.90
15.70
19.70
11.60
35.30
34.50
25.50
26.40
38.70
32.20
17.90
20.90
42.70
36.70
19.80
24.50
11.30
22.90
18.40
42.90
15.60
17.90
10.70
35.50
20.20
24.50
25.90
24.00
11.60
40.20
43.80
26.20
22.60
43.30
23.50
30.60
17.80
42.00
19.20
12.70
32.90
19.70
40.30
20.00
10.80
30.50
15.60
42.40
23.50
37.30
10.30
18.10
19.50
22.20
18.30
14.90
21.60
15.90
30.40
30.00
38.90
35.10
35.10
37.80
39.40
20.80
29.30
25.90
44.50
37.30
30.00
44.10
16.40
18.00
26.30
19.20
12.20
32.60
24.60
18.50
30.30
28.90
28.30
16.10
18.50
10.70
12.30
26.10
44.50
21.10
34.60
25.90
35.10
34.90
14.00
10.50
32.90
32.80
11.30
42.90
33.30
21.70
26.30
22.10
32.90
44.70
32.10
34.90
24.30
16.00
39.40
43.00
22.80
37.70
10.00
23.70
43.70
32.20
31.90
29.60
32.80
25.30
26.50
21.30
16.30
15.40
27.50
18.90
43.10
37.60
35.20
10.80
42.20
39.50
28.60
27.80
15.30
14.50
24.40
16.90
40.20
35.80
30.60
16.40
42.30
22.50
18.00
40.60
42.50
44.70
15.70
14.00
44.80
15.80
44.70
24.20
30.10
21.20
37.10
35.10
33.70
38.50
31.60
25.40
20.40
44.20
11.20
22.90
39.20
40.80
42.80
29.30
36.30
19.90
18.90
19.90
11.30
11.90
38.90
12.10
32.10
27.60
25.10
33.30
42.50
11.60
29.20
27.90
24.10
35.50
13.30
24.90
28.00
36.00
41.90
41.60
30.80
36.10
10.30
39.50
28.80
27.40
23.60
20.00
21.00
12.60
37.20
39.40
14.60
18.00
16.60
35.30
26.10
30.10
44.40
39.40
43.30
19.80
35.00
14.40
34.30
11.40
20.70
20.30
32.90
26.30
44.10
18.60
10.30
12.20
31.50
17.50
40.20
33.00
19.50
18.80
41.70
44.50
39.00
21.10
35.30
26.20
13.40
41.20
27.60
16.90
40.60
29.30
28.20
44.70
37.10
28.30
26.30
41.60
15.90
21.30
10.80
28.10
13.10
43.80
29.20
28.80
22.20
35.10
22.10
13.40
20.10
10.50
29.80
26.50
33.30
40.80
17.70
19.60
23.80
35.50
18.50
10.40
40.40
31.60
15.60
14.50
38.20
37.20
25.10
23.40
21.70
15.30
21.10
36.20
19.50
44.20
23.00
21.30
33.60
31.00
32.10
15.30
31.30
43.50
28.10
16.90
23.10
37.20
26.40
18.50
38.90
15.20
27.00
24.90
13.40
10.70
23.40
22.10
12.50
28.20
33.60
29.40
23.40
24.80
30.00
11.80
41.80
31.10
30.80
23.60
44.90
18.10
26.70
42.30
11.30
33.60
32.20
11.30
21.80
24.10
36.70
31.70
35.70
19.00
18.90
15.30
43.40
15.10
37.00
21.80
20.50
40.90
35.70
44.30
26.70
24.10
42.00
13.40
29.60
31.10
43.00
31.90
40.50
23.00
10.00
34.10
24.50
31.30
33.70
16.60
32.90
39.70
33.60
30.60
15.90
15.50
14.10
26.50
35.10
20.00
12.60
38.90
14.70
21.80
31.20
25.50
14.70
22.30
26.40
17.80
21.10
11.60
23.90
17.90
24.60
22.70
20.60
15.40
20.40
41.60
33.00
41.40
40.40
43.90
34.80
39.90
31.30
15.50
38.60
14.80
40.50
33.60
28.90
30.70
41.10
38.50
29.50
12.00
26.90
22.90
31.70
44.20
20.60
20.60
38.10
28.20
15.30
20.10
20.70
20.10
11.20
22.40
32.00
16.80
20.50
25.80
24.80
14.10
25.30
27.90
40.50
16.20
29.90
37.70
41.00
19.00
29.80
26.60
16.40
30.50
34.30
20.10
43.00
12.80
36.80
37.80
10.80
41.20
31.60
30.50
27.50
41.50
26.20
34.90
10.30
27.70
22.30
12.30
20.90
42.40
37.80
14.10
28.50
44.00
25.50
36.60
32.80
34.20
31.10
11.60
36.50
42.80
28.10
42.60
15.60
23.00
26.80
37.10
43.20
10.80
17.60
19.00
37.10
25.90
42.40
44.40
10.70
11.20
25.10
28.10
24.70
32.10
20.10
31.20
10.00
31.90
11.40
18.80
11.60
34.00
34.20
32.60
18.30
44.30
22.20
33.60
42.00
42.50
22.90
23.10
18.90
38.90
19.90
10.10
38.10
21.10
16.10
41.70
24.10
37.40
37.40
30.30
18.10
10.30
13.90
23.20
29.40
11.60
21.40
25.70
35.90
14.80
21.50
38.60
12.80
42.90
43.30
24.40
13.10
29.20
20.00
20.10
12.10
43.70
13.30
24.40
44.90
35.60
10.90
43.10
26.80
20.60
15.30
40.70
26.70
24.40
38.00
14.50
26.40
35.60
21.50
17.20
17.30
13.70
10.20
19.30
18.40
38.30
16.40
24.30
38.00
22.30
15.00
22.70
18.80
41.50
16.30
44.60
33.80
16.90
40.60
28.80
14.90
23.90
10.60
28.90
28.00
24.60
20.70
19.30
34.10
13.80
16.00
42.70
41.90
35.10
26.70
11.90
25.00
24.00
30.30
39.10
40.40
44.70
37.80
21.00
29.90
44.50
38.60
18.30
34.20
29.20
37.60
20.60
38.50
43.70
18.80
28.20
19.40
36.60
33.70
10.70
36.50
42.60
15.00
13.00
14.40
39.20
33.80
24.70
21.50
21.00
33.60
15.30
35.20
41.70
23.90
44.20
23.50
21.80
21.40
23.00
32.70
18.50
29.60
21.20
30.30
35.10
27.80
29.00
22.00
43.40
40.10
26.10
10.40
27.50
15.20
41.30
31.30
31.00
39.10
12.80
25.30
30.30
43.60
13.20
29.30
42.40
29.30
27.70
31.30
12.00
14.20
16.30
20.00
41.50
40.30
22.70
34.90
29.30
25.20
31.70
26.70
32.10
41.20
38.10
39.60
25.80
19.90
10.10
20.60
14.90
35.60
27.40
30.20
21.00
16.60
36.50
41.80
19.90
37.00
41.00
33.20
34.30
44.00
20.60
16.60
29.30
38.30
13.40
32.20
18.00
35.30
18.00
14.50
17.90
28.90
17.80
38.50
44.80
23.30
19.60
16.40
24.30
26.70
30.70
27.90
22.70
28.40
39.90
31.40
23.20
14.20
24.50
10.30
33.50
42.90
18.40
11.50
18.80
21.20
37.70
30.20
23.50
23.90
33.50
34.20
21.10
40.00
23.70
15.90
23.60
38.80
24.20
19.40
42.10
44.00
26.50
42.20
24.40
31.10
15.10
43.20
21.00
24.50
28.00
37.40
36.30
28.90
32.00
14.70
17.00
18.10
24.80
11.50
20.20
10.60
43.00
13.20
31.10
19.60
19.60
38.40
39.60
32.40
36.00
21.40
30.90
29.30
34.10
12.90
30.10
14.30
26.30
33.10
24.40
13.10
33.30
40.20
38.30
14.10
15.50
40.50
45.00
40.10
34.40
36.50
23.80
15.50
32.20
37.30
22.30
29.50
16.50
43.60
44.30
42.20
20.80
34.20
30.90
28.40
30.90
16.90
10.00
21.90
31.90
19.80
43.50
20.90
42.10
35.70
41.90
37.00
16.90
26.20
10.10
25.10
34.00
25.30
33.80
16.80
30.30
16.80
32.00
27.20
12.70
14.90
43.30
18.60
45.00
21.00
44.70
11.30
42.00
28.50
11.20
39.20
13.00
27.70
21.20
20.20
41.50
11.00
17.30
20.70
37.50
33.70
18.00
25.90
21.20
11.90
43.90
36.50
33.00
19.30
24.80
16.60
43.30
27.90
15.70
31.80
24.10
36.40
25.30
10.20
15.30
12.60
25.00
36.20
13.70
12.10
11.30
35.20
43.20
42.90
43.00
26.90
33.10
30.30
42.20
17.00
16.00
37.50
21.40
27.00
31.50
12.00
21.20
35.20
27.90
27.30
33.20
44.30
31.80
14.20
43.90
25.30
17.40
28.20
36.40
43.30
20.30
18.80
17.60
25.60
32.20
22.80
41.20
10.90
34.70
25.10
26.80
28.30
20.50
41.70
34.60
11.60
10.30
20.80
22.70
18.50
43.50
25.80
27.70
30.50
24.90
25.10
44.00
35.40
10.80
11.40
42.60
22.60
29.60
16.90
16.20
16.40
41.60
13.70
19.10
38.20
38.30
19.70
22.10
43.50
12.80
28.80
39.20
16.10
17.90
24.50
30.20
25.00
30.90
24.70
40.30
13.10
10.10
12.50
27.00
12.50
17.00
17.20
44.70
24.40
20.40
23.70
13.30
41.90
42.90
13.40
37.00
33.80
40.70
26.00
25.40
21.00
38.30
17.30
42.40
44.60
40.10
18.50
23.10
43.70
19.20
16.10
30.90
16.90
25.60
30.60
35.70
37.60
30.50
41.80
26.40
29.30
18.90
32.80
13.80
25.60
36.90
24.20
44.20
23.00
12.30
39.60
36.80
21.10
16.70
42.70
29.90
12.30
23.00
20.20
12.70
32.30
26.60
36.90
10.60
28.10
29.60
21.20
22.90
20.40
40.10
17.20
42.90
34.30
20.70
44.90
40.10
15.50
32.50
25.90
25.50
40.20
24.90
27.40
27.20
25.40
29.90
18.50
33.90
15.10
31.10
42.20
24.80
20.20
39.90
15.10
25.60
19.70
43.90
24.20
25.90
26.70
41.00
36.30
28.90
22.80
21.90
27.60
15.90
12.50
27.00
19.70
29.40
21.50
17.00
16.30
24.30
33.30
10.10
21.80
26.00
39.40
44.70
24.10
32.90
26.50
17.90
18.10
13.50
29.10
17.00
28.30
19.00
41.80
25.10
13.10
41.10
40.60
13.30
39.10
30.10
39.30
21.80
34.80
14.30
33.30
20.40
20.70
12.20
38.40
41.60
22.90
29.60
18.70
15.00
13.10
19.80
24.00
15.70
19.00
10.20
12.60
45.00
16.60
39.20
28.00
30.70
41.30
30.70
19.10
37.90
20.50
37.40
16.30
22.90
40.40
20.20
20.30
34.20
20.90
19.00
11.30
16.30
32.20
41.40
24.30
26.40
21.30
42.60
33.30
30.60
43.60
21.50
16.70
13.40
30.10
21.60
15.80
29.30
40.30
21.40
36.10
28.50
26.60
42.90
40.40
24.60
32.40
27.20
24.40
21.70
10.40
41.80
36.30
16.30
33.10
38.10
12.70
36.30
29.50
11.00
33.60
39.30
37.30
39.70
39.30
33.80
24.00
17.60
23.50
21.40
29.30
33.60
37.20
42.60
19.50
25.10
42.80
17.50
35.50
22.10
29.60
33.20
36.20
32.70
29.00
10.80
19.00
16.50
26.30
41.20
34.10
44.20
10.40
39.30
18.00
37.90
13.70
28.00
38.50
35.10
11.30
24.40
41.80
12.20
37.20
27.70
38.00
37.30
14.30
39.30
25.00
43.40
18.90
24.60
18.40
41.30
16.00
17.10
35.40
33.50
32.20
35.60
43.30
18.30
26.20
42.80
24.40
33.80
11.60
34.50
41.30
29.10
42.90
32.80
31.80
40.60
36.20
26.90
15.40
21.80
10.90
31.00
26.40
19.20
19.00
34.80
33.00
40.70
10.50
24.60
15.20
14.40
44.30
34.80
31.40
33.70
26.60
40.90
33.70
29.00
43.60
11.00
44.60
43.00
11.40
19.70
14.30
26.20
27.70
44.80
30.20
23.50
27.10
39.20
18.10
28.50
19.00
36.10
29.40
43.10
13.20
33.30
43.80
14.20
10.00
42.00
37.10
33.10
33.00
11.00
27.60
23.10
23.50
20.40
29.90
31.10
14.70
24.90
40.60
38.00
13.50
40.10
14.90
34.70
27.40
26.80
42.50
25.00
11.80
22.60
33.20
42.20
25.30
24.40
34.60
44.60
17.80
15.60
39.30
24.60
26.70
26.40
19.50
26.10
29.30
15.30
11.10
21.40
17.00
37.70
32.70
20.10
21.50
14.60
27.00
26.20
43.90
28.50
10.50
32.90
29.00
20.30
13.40
31.20
32.70
13.30
29.90
28.40
22.90
31.90
42.00
24.20
24.90
10.00
38.60
44.80
16.10
28.30
19.70
14.50
33.80
36.30
44.00
19.40
17.70
17.70
33.60
42.40
35.40
19.80
31.90
27.30
33.20
10.10
27.10
42.10
24.20
33.20
38.20
42.20
35.10
37.80
13.30
15.10
20.40
13.80
20.00
43.60
27.80
28.90
14.60
27.60
14.40
18.20
18.00
37.60
23.60
37.70
28.80
15.40
18.50
28.50
22.30
28.90
31.70
33.60
16.30
29.60
31.80
22.40
39.60
27.10
16.00
42.30
37.10
33.10
32.00
43.50
22.50
12.10
26.80
18.40
26.00
35.20
24.50
21.00
28.40
29.70
24.20
38.50
36.00
37.00
34.30
27.50
23.00
39.30
11.40
25.50
13.60
40.30
22.70
43.20
31.50
31.40
19.70
23.00
11.20
26.80
19.50
11.30
32.00
33.80
32.70
44.90
42.60
35.30
33.80
29.70
40.50
28.70
44.20
29.70
43.50
14.80
17.60
15.40
42.70
39.40
20.00
26.70
19.40
39.50
36.00
40.30
34.00
38.70
36.60
16.40
22.30
32.10
15.10
27.00
41.60
29.20
34.60
13.10
11.70
21.50
42.50
42.10
38.00
10.30
39.90
25.00
41.10
26.50
12.30
34.90
39.10
29.90
29.10
12.50
42.50
17.00
19.50
25.10
34.80
12.50
29.80
38.10
44.80
20.50
34.30
17.60
31.40
40.20
10.10
31.80
13.20
24.10
13.50
29.70
42.80
39.00
29.60
28.60
36.00
44.40
13.70
41.30
38.00
42.90
33.50
11.20
22.50
14.00
44.20
22.70
15.40
23.70
23.40
32.80
44.70
19.80
25.30
36.50
30.00
30.40
11.10
25.90
42.40
21.40
37.50
20.00
35.00
35.40
24.00
35.20
31.20
11.40
44.10
27.40
15.40
38.90
12.60
23.00
29.60
16.40
44.10
41.90
19.10
18.10
26.80
37.30
15.30
25.30
30.70
38.70
15.80
27.60
35.00
22.80
42.50
12.40
17.50
40.60
11.80
14.10
33.00
15.90
20.90
36.80
13.90
27.30
40.50
32.10
18.40
28.50
16.20
24.20
41.40
31.00
40.50
17.40
13.10
14.40
14.20
43.50
10.50
21.60
18.30
33.40
35.80
44.70
37.90
27.70
11.60
35.20
34.80
10.60
31.00
21.00
22.40
40.20
28.10
37.90
24.60
12.10
18.90
43.20
10.00
42.50
23.10
20.60
31.50
20.30
28.60
26.60
16.80
35.70
30.00
14.80
20.40
32.00
31.70
39.40
42.00
40.70
12.20
26.70
32.60
36.90
28.80
10.00
26.60
40.80
11.60
31.70
20.70
39.70
40.10
35.40
31.00
29.90
38.00
38.00
25.70
20.70
41.00
42.50
19.20
36.20
42.70
34.20
41.00
14.20
31.90
21.40
34.10
43.90
27.90
21.30
38.90
34.90
26.00
30.60
15.60
36.50
42.70
31.80
28.50
44.10
14.10
13.80
44.60
23.30
39.20
11.50
40.50
13.00
38.90
10.50
44.00
43.80
11.70
16.50
37.90
40.10
32.80
16.40
14.80
22.10
10.50
24.70
37.40
37.70
42.00
23.50
21.00
18.70
13.60
19.60
43.30
15.30
21.50
37.90
25.80
42.60
21.20
34.60
33.20
39.10
13.50
20.30
19.10
43.60
39.10
35.30
22.40
34.00
30.20
21.60
10.40
30.10
35.40
11.10
38.60
23.30
40.00
32.00
22.90
18.70
11.30
38.80
24.40
12.20
17.80
27.20
29.50
34.30
39.10
20.80
17.00
19.20
28.60
13.10
33.40
23.90
35.90
30.50
31.80
21.20
37.60
32.90
38.60
44.70
35.10
43.60
29.60
39.70
17.40
12.00
15.20
25.50
37.30
17.30
19.50
39.40
15.70
29.00
35.50
14.40
18.70
41.90
18.40
29.10
28.70
38.20
42.40
27.90
24.50
27.50
31.80
19.80
34.90
33.50
30.80
27.60
42.20
26.10
32.90
16.30
12.70
21.40
18.00
33.20
12.60
23.60
33.90
25.50
41.00
38.10
22.40
44.40
11.60
39.80
36.40
23.10
11.80
23.00
31.40
36.30
27.20
26.40
14.50
44.50
22.00
14.70
13.70
27.70
26.70
44.40
21.10
34.90
32.20
21.90
20.30
11.10
34.90
28.30
14.40
12.20
36.10
32.70
43.20
39.60
30.40
42.30
20.50
15.30
18.30
26.10
30.30
20.20
29.00
38.50
20.70
12.90
17.00
25.40
34.50
30.80
33.00
37.30
39.30
14.20
12.70
30.40
22.80
21.40
19.10
14.10
39.60
28.90
30.90
39.90
10.10
37.10
15.10
20.90
26.00
41.00
11.60
40.50
22.00
31.40
13.30
18.20
16.80
14.40
38.20
38.20
37.20
27.40
38.90
16.90
33.60
25.80
36.60
27.50
40.10
20.20
42.90
33.00
25.60
20.00
35.60
24.70
43.10
31.60
16.00
17.20
44.40
35.10
28.90
44.60
36.30
23.80
16.10
24.80
12.70
41.10
11.00
40.40
12.80
10.60
28.90
31.20
34.40
32.00
11.90
28.90
18.50
17.10
30.30
41.50
25.90
32.80
27.80
25.90
25.00
13.50
39.90
29.30
10.30
26.30
17.50
12.60
24.40
14.40
11.10
34.60
23.00
42.90
43.30
30.80
35.80
10.40
25.90
19.30
32.40
21.10
43.70
35.40
27.90
10.60
30.70
23.30
37.00
15.50
15.50
37.10
17.30
23.10
23.00
29.40
35.40
37.10
27.20
25.10
10.60
40.20
10.70
26.30
38.90
18.50
32.20
41.40
26.70
39.40
27.90
25.30
31.10
18.60
25.00
30.30
36.70
43.00
25.90
22.10
33.10
14.90
13.40
29.50
28.90
35.50
15.90
13.30
33.80
42.10
43.10
23.00
19.80
12.50
34.80
20.70
35.00
21.30
20.50
27.60
11.80
39.30
41.40
14.50
22.40
27.80
11.90
26.70
21.90
18.70
31.20
38.90
35.00
14.80
10.90
41.40
33.80
16.70
15.40
21.40
32.00
17.70
34.70
34.50
17.70
20.50
24.80
44.90
37.90
18.00
43.50
23.00
27.80
40.40
22.70
33.80
22.70
29.40
21.10
14.30
44.60
20.30
30.60
38.60
23.10
28.80
25.70
20.30
15.70
16.30
10.70
25.50
11.60
13.00
31.30
24.10
13.40
30.60
37.80
30.60
14.30
30.00
13.40
22.10
27.60
35.10
31.80
43.20
15.00
12.30
25.50
40.50
13.00
14.60
43.30
35.30
24.50
13.60
15.20
19.40
32.10
39.80
23.00
41.40
16.90
34.60
34.60
11.30
20.00
23.60
37.70
20.50
29.50
25.90
23.00
34.00
31.50
40.70
14.70
32.10
18.40
45.00
45.00
16.10
31.30
36.30
40.30
12.60
19.50
22.80
40.60
30.10
29.10
12.90
44.80
35.10
23.70
14.90
34.60
24.10
12.70
10.20
39.00
32.60
29.90
12.10
30.10
38.90
44.80
16.20
36.50
18.10
34.10
40.90
16.20
26.90
23.40
39.00
12.00
25.20
34.70
30.70
43.80
23.70
33.80
29.50
34.70
14.30
42.80
18.00
31.30
22.20
32.20
26.10
29.30
37.60
19.30
15.40
20.90
25.20
36.70
36.40
13.20
44.70
22.00
21.00
13.30
13.30
12.50
30.90
26.70
44.30
20.30
22.20
27.00
42.90
21.40
39.10
12.50
18.90
33.50
10.90
11.00
27.20
31.80
24.60
29.70
12.60
22.90
16.70
33.30
19.40
28.40
24.90
36.90
32.70
17.00
33.50
13.80
33.10
28.10
38.00
41.70
41.50
25.30
20.90
32.20
40.10
38.20
13.60
36.80
13.70
32.60
21.80
40.70
17.70
42.30
41.70
22.70
45.00
31.70
21.00
15.30
23.20
41.10
26.00
13.20
11.00
19.60
24.00
11.30
35.40
28.10
27.00
19.10
10.50
34.40
14.30
23.30
15.90
35.70
16.70
20.20
20.60
15.60
38.00
39.50
31.10
29.90
29.20
17.50
21.30
25.50
20.70
17.20
23.90
37.10
23.30
24.20
15.30
19.80
29.90
35.40
13.90
44.40
31.10
27.00
27.00
10.70
30.70
21.30
35.50
42.10
33.70
43.70
16.30
37.00
20.80
10.00
41.90
33.30
43.70
10.10
42.60
40.00
29.40
25.00
30.20
30.30
44.10
23.60
33.10
39.40
33.60
34.70
30.70
38.70
31.90
18.60
31.30
35.70
11.30
37.90
37.60
32.70
39.80
42.70
36.60
44.00
28.60
17.90
16.20
16.60
27.10
29.10
24.50
21.20
11.20
33.90
16.60
44.40
43.80
25.00
34.30
14.00
13.70
32.10
18.00
16.50
42.90
38.50
28.20
13.40
11.90
11.30
41.70
42.80
23.70
19.00
22.10
16.40
41.60
34.30
40.80
24.80
39.00
36.80
19.70
32.80
32.20
40.40
37.80
25.00
39.60
37.20
23.20
13.20
25.60
30.70
28.90
16.00
44.40
18.00
40.50
39.60
31.00
31.10
34.00
45.00
35.60
42.80
24.00
41.60
22.30
39.10
24.20
42.50
31.00
13.20
44.60
12.80
33.60
37.20
34.60
37.40
26.10
16.60
26.30
37.50
13.80
26.80
39.10
37.50
17.60
27.30
15.30
10.50
29.90
40.10
24.60
25.70
29.50
37.00
25.50
24.70
21.00
15.60
16.20
28.00
16.70
41.80
16.50
25.70
39.80
32.90
35.60
34.10
25.50
12.70
16.30
19.90
25.10
39.80
23.70
15.30
19.90
30.80
22.00
44.70
10.50
37.10
11.10
41.20
35.80
17.40
20.80
10.10
37.70
35.70
14.80
13.10
40.50
29.60
28.10
13.00
34.50
33.90
13.80
34.80
25.10
43.50
40.50
37.30
12.80
40.60
24.70
13.60
11.20
31.50
36.90
43.60
27.10
31.20
26.70
29.20
26.70
16.00
21.20
35.90
20.60
27.30
21.00
37.00
33.40
22.00
12.80
25.00
44.20
39.90
19.80
34.80
18.60
35.00
19.20
20.90
19.30
22.50
29.70
10.90
19.50
29.10
20.40
31.50
32.80
14.80
22.90
32.80
21.60
38.50
10.80
37.30
25.80
40.60
20.20
37.40
38.80
33.60
30.50
29.10
14.80
17.70
36.90
22.20
27.60
24.50
44.50
44.80
16.20
39.20
34.80
34.80
16.60
14.30
35.20
10.20
38.20
32.40
25.90
30.80
18.40
44.40
25.10
24.40
24.60
22.90
25.40
35.30
17.70
38.60
31.50
12.60
38.60
39.30
35.90
44.60
24.40
16.80
18.00
27.40
11.60
13.00
18.60
20.80
10.80
32.30
29.00
18.60
43.50
30.80
40.80
15.70
43.10
29.50
31.30
32.30
30.60
21.20
36.50
31.70
19.30
31.90
29.60
17.50
11.00
14.20
36.50
12.00
33.40
15.40
16.40
23.90
13.70
44.40
28.20
45.00
36.80
13.60
36.00
16.50
12.40
17.50
12.90
13.00
14.90
36.20
16.50
40.60
19.80
13.30
37.30
42.90
17.90
24.50
14.90
37.20
20.90
12.30
41.30
35.20
17.00
43.60
34.00
31.20
34.90
10.30
38.50
29.40
32.10
11.50
28.00
35.10
31.00
12.20
38.30
36.90
32.70
44.50
43.40
35.30
19.90
26.30
23.80
39.40
27.70
44.20
27.80
40.10
26.70
43.00
37.00
28.50
20.50
33.00
20.10
34.10
44.60
14.30
43.40
24.40
20.40
19.70
41.50
13.60
11.00
36.60
19.30
45.00
40.70
27.20
21.80
22.50
15.90
24.40
15.00
10.70
36.00
25.60
10.40
42.70
40.20
16.50
33.00
20.90
21.40
11.30
24.50
34.90
42.90
43.80
34.30
12.80
15.50
28.00
20.70
21.30
26.30
22.40
11.70
27.30
24.80
13.90
22.40
39.60
13.30
29.10
40.70
15.50
43.60
36.60
35.20
39.20
37.60
34.80
36.00
18.80
36.30
29.30
38.30
25.20
28.30
33.70
16.80
32.80
13.70
21.90
19.90
18.80
22.20
22.00
41.70
43.90
15.70
32.60
11.30
28.60
38.00
30.10
27.20
25.20
36.20
30.60
17.60
27.30
39.30
44.00
42.90
43.00
42.40
26.70
25.30
43.60
34.60
30.50
11.90
14.20
14.40
44.10
18.80
43.00
20.10
40.80
27.00
39.70
30.40
22.90
38.70
29.90
27.80
35.20
44.60
25.50
32.30
39.30
21.50
43.30
41.40
22.20
19.60
30.60
15.20
13.30
30.10
18.20
14.10
23.60
26.10
44.20
18.40
16.60
13.00
44.40
38.10
35.70
20.80
36.20
35.50
11.30
36.70
11.00
26.20
33.60
36.90
30.70
10.20
19.50
21.50
26.00
32.90
11.80
33.30
17.60
19.50
21.50
30.10
25.10
29.30
35.10
27.10
40.90
24.80
19.80
17.60
38.70
36.40
27.40
28.30
38.70
28.20
19.20
33.00
35.60
34.40
27.50
30.80
43.20
40.70
36.80
30.80
18.00
25.90
37.90
31.20
37.10
40.30
27.20
16.20
41.40
31.60
10.80
33.10
33.30
23.90
25.60
24.70
13.10
37.00
36.80
32.80
44.60
37.40
17.10
15.90
35.60
40.80
36.60
19.30
30.60
40.10
34.00
42.60
20.10
15.30
32.40
41.60
10.90
19.50
39.50
12.70
29.80
18.60
24.70
40.00
11.00
18.50
15.20
24.90
15.40
42.20
15.20
11.10
32.30
36.50
39.30
33.00
44.80
18.20
30.30
29.10
43.10
28.90
33.10
10.90
17.40
13.40
20.60
34.80
28.20
10.30
33.30
43.50
38.40
30.60
42.60
22.60
22.10
24.70
15.40
22.40
31.00
20.90
40.60
13.30
30.40
44.30
13.10
31.70
36.90
36.00
17.40
10.70
30.20
36.80
38.90
38.80
24.20
28.90
44.50
10.50
11.30
19.40
26.10
41.00
21.60
37.30
22.60
40.80
25.30
31.90
16.80
31.20
18.30
28.30
37.10
25.20
28.30
28.50
37.60
22.80
34.50
34.10
40.50
32.10
28.80
17.00
13.50
31.90
14.70
21.50
42.60
31.20
36.40
33.00
30.00
32.30
10.60
24.40
29.20
37.80
27.90
14.00
23.80
35.80
10.50
31.10
35.80
31.70
33.90
40.90
15.80
39.90
27.90
20.00
14.10
12.50
43.30
22.10
15.20
38.50
31.00
20.60
28.50
21.60
21.30
34.00
39.80
11.90
19.30
37.20
28.90
15.00
26.70
34.10
36.00
41.70
22.00
39.60
22.60
40.60
35.80
10.80
19.70
25.30
30.60
15.30
12.00
34.70
31.50
28.80
34.40
34.30
29.50
34.60
33.10
26.40
11.70
11.90
42.50
15.90
11.30
35.60
24.70
24.30
19.00
33.80
32.70
33.60
21.80
19.90
42.50
17.90
20.90
19.30
31.20
29.00
39.50
27.60
10.30
36.90
33.20
11.60
40.30
19.00
26.30
40.70
19.80
30.70
20.90
14.70
20.30
19.20
16.70
35.20
17.70
44.10
18.20
28.70
42.80
39.80
42.50
30.20
40.90
44.20
34.10
30.70
40.80
22.40
42.60
16.90
24.80
14.20
25.00
12.80
13.00
11.20
10.30
15.70
37.90
19.20
43.10
21.10
41.10
43.20
32.80
43.10
11.50
14.50
32.60
28.50
23.50
18.00
37.20
36.20
41.50
20.70
40.70
35.30
39.60
38.70
21.10
31.50
37.10
29.00
28.60
15.40
13.10
13.20
19.50
21.70
35.00
31.00
37.30
13.10
44.40
32.40
28.50
13.80
37.80
27.80
34.70
26.90
38.10
26.40
44.40
16.40
32.90
12.10
11.10
16.90
11.60
11.80
41.30
34.30
24.70
40.40
27.80
40.50
16.50
16.70
25.50
28.60
12.90
33.90
28.80
25.20
30.40
29.00
39.60
42.70
28.80
12.30
11.80
43.60
11.00
13.20
31.00
30.50
26.90
28.90
23.70
43.60
32.30
16.90
17.20
20.90
13.80
12.20
33.70
21.00
22.80
34.50
27.70
29.70
12.30
17.90
28.10
15.20
23.30
21.00
19.90
16.50
43.30
14.40
23.00
43.00
31.60
31.70
34.60
20.00
26.00
21.80
13.80
42.60
30.70
38.40
36.00
29.30
30.40
35.00
31.90
40.50
26.10
25.70
33.60
21.90
26.50
30.10
10.10
31.40
39.00
18.00
14.40
16.60
35.00
15.80
41.80
41.10
25.10
11.90
16.40
34.50
13.40
44.30
25.50
36.30
33.70
13.70
11.10
31.10
12.30
30.60
31.70
16.10
39.70
31.70
41.30
23.50
24.40
35.50
30.60
39.30
33.00
40.40
23.70
38.40
23.40
12.20
32.10
41.80
36.50
21.80
22.10
19.00
28.00
30.20
35.70
35.20
11.40
41.30
26.50
27.90
38.60
39.00
16.60
23.50
29.70
29.10
39.30
40.80
11.30
43.10
34.30
25.50
18.50
21.20
21.40
17.30
23.30
23.00
44.60
31.70
17.90
18.90
15.00
36.90
36.20
23.80
39.90
24.00
39.30
15.60
31.90
35.60
34.50
25.10
34.70
35.50
30.90
21.60
30.30
16.30
27.30
10.00
41.10
11.50
39.50
20.40
15.50
23.70
29.20
18.80
23.80
31.10
33.00
33.40
13.20
39.70
38.70
43.50
35.30
36.40
45.00
33.20
42.90
28.10
32.80
13.40
37.80
27.40
15.30
37.40
28.10
29.10
30.40
41.90
18.20
41.30
17.40
24.00
44.10
41.20
41.80
10.40
15.40
20.30
39.70
42.10
18.80
20.10
24.50
14.00
36.30
24.80
11.80
38.30
31.60
25.60
33.60
39.50
14.60
15.30
21.20
15.00
41.30
34.20
18.10
43.30
44.30
14.00
26.60
42.30
27.50
15.50
20.00
18.70
39.70
43.80
24.00
16.70
33.40
35.50
38.60
31.60
41.10
19.80
19.00
27.80
10.00
36.40
31.10
39.20
19.40
22.70
38.60
35.60
40.00
27.70
32.60
15.00
44.90
21.00
26.50
43.60
38.90
26.90
38.10
44.10
31.00
36.40
29.00
31.70
20.10
26.60
39.90
13.70
43.30
20.60
39.40
24.20
20.90
38.80
26.40
25.20
10.70
18.80
21.90
14.90
14.40
11.60
25.70
12.20
30.10
31.60
13.10
38.70
11.90
32.40
32.40
30.60
17.60
38.70
28.20
16.40
13.90
33.90
12.00
13.60
27.70
21.50
27.50
39.30
18.70
17.00
42.60
28.00
35.60
38.10
35.00
13.80
10.70
19.50
23.60
44.30
27.20
10.70
19.00
17.80
42.40
44.10
41.00
27.90
18.00
24.10
13.40
30.70
12.40
34.80
35.10
16.50
15.10
21.50
20.50
16.10
11.70
34.30
37.80
16.60
41.40
27.60
13.00
29.40
12.70
16.70
37.30
44.50
23.10
41.20
17.80
22.00
29.50
14.10
22.50
36.00
37.20
22.00
10.20
42.40
23.30
32.90
42.50
44.40
24.20
25.20
22.80
24.70
40.80
33.10
37.30
28.50
20.20
28.90
37.40
12.10
20.20
43.80
26.90
35.90
22.20
22.60
18.90
22.50
35.00
34.20
16.90
39.00
29.00
14.60
11.50
41.30
38.30
24.10
32.00
31.20
34.10
27.50
42.30
21.30
33.70
43.50
43.10
12.40
43.10
32.90
30.00
35.40
17.40
18.60
38.50
24.90
31.20
10.00
29.60
15.20
16.10
31.60
18.70
13.40
11.80
32.70
10.90
42.00
22.90
40.90
30.40
20.60
14.00
13.90
41.40
12.90
42.10
43.70
40.50
28.70
31.20
40.70
35.50
34.00
12.10
40.60
12.30
10.40
20.10
44.30
17.40
15.60
40.00
28.50
39.40
21.80
11.60
15.40
17.90
28.40
13.60
31.90
39.40
39.70
38.90
30.30
16.90
19.80
10.50
36.40
41.60
10.20
36.80
35.50
26.60
25.20
33.20
29.30
10.00
23.60
30.00
16.40
12.60
31.80
24.80
27.50
12.40
36.70
33.40
25.60
36.70
37.90
16.90
36.10
38.10
31.00
18.40
35.10
43.10
24.50
17.10
33.10
38.70
12.70
12.30
15.10
26.10
10.40
28.00
33.80
33.50
24.30
15.60
17.50
25.10
11.70
43.50
15.00
29.80
15.60
39.40
26.20
21.10
26.30
16.00
23.20
33.20
38.40
37.60
24.60
33.60
35.10
43.00
30.50
16.80
23.30
31.90
20.80
39.30
24.20
41.20
13.70
35.10
32.10
13.00
30.50
24.40
15.40
34.20
29.80
23.70
42.30
17.40
15.20
36.60
18.20
35.30
40.20
23.30
43.40
24.40
40.20
13.10
30.20
23.30
42.20
23.40
44.50
44.30
27.50
28.70
16.10
23.50
38.50
29.20
22.40
18.70
17.00
21.70
44.80
13.00
11.30
38.30
20.60
13.40
44.00
17.60
21.70
33.90
38.00
21.50
40.30
25.90
21.00
29.00
23.10
38.00
29.60
32.00
36.10
40.50
28.70
39.80
38.10
34.50
35.30
42.20
12.10
32.20
34.50
28.80
18.20
17.10
30.00
29.50
35.20
42.40
35.20
41.20
22.70
20.70
23.00
41.20
44.40
28.00
41.30
44.90
41.00
39.30
38.80
39.10
35.40
32.70
16.20
33.30
39.80
28.60
23.40
36.30
11.20
41.10
44.20
40.60
20.00
23.10
20.00
39.80
40.50
10.70
20.30
15.10
26.80
12.90
32.40
24.40
19.20
23.90
20.40
29.00
28.90
13.30
12.90
31.90
17.00
18.10
39.10
40.60
38.10
23.90
40.60
22.70
39.80
19.40
40.40
30.10
27.90
41.20
42.80
14.10
25.80
19.40
35.50
18.70
40.60
19.90
35.80
26.00
39.20
10.50
26.50
13.70
24.60
15.70
38.30
27.10
40.20
27.30
22.20
33.10
33.20
35.20
30.10
11.10
40.80
39.00
23.00
16.80
24.50
43.50
12.20
12.30
32.60
28.90
43.00
12.30
31.50
17.00
36.00
36.70
30.90
11.20
15.30
43.40
38.00
25.10
28.80
35.10
15.70
11.00
11.80
40.40
35.70
43.90
17.00
43.60
23.90
44.40
27.60
24.30
17.20
31.10
25.10
35.30
39.20
10.80
12.30
42.50
34.20
20.50
32.90
29.50
11.60
15.30
31.10
33.30
27.00
31.50
16.60
24.80
38.70
35.60
18.50
43.50
38.80
11.10
40.30
26.30
21.50
12.40
29.90
40.50
21.60
13.70
19.10
18.00
43.50
13.70
44.20
34.20
28.20
18.50
38.80
43.10
14.20
30.00
16.00
23.80
29.20
39.70
20.60
36.90
40.60
24.60
20.10
22.00
20.20
35.60
26.50
21.50
20.60
41.60
11.10
40.30
18.90
22.60
29.60
33.20
29.40
14.50
18.30
16.10
40.90
26.00
23.40
10.30
19.50
43.20
31.80
26.50
36.20
34.00
17.50
44.40
44.10
40.80
44.20
34.70
43.80
34.00
34.90
27.80
19.50
38.30
22.10
34.10
31.80
11.60
42.20
15.60
42.50
37.80
15.50
38.10
37.20
42.80
43.90
20.00
17.40
35.00
23.60
40.40
38.50
15.50
34.80
14.50
20.40
34.80
33.70
17.80
34.70
16.30
42.80
10.80
30.20
10.40
10.30
29.30
11.40
31.30
16.00
12.80
44.60
34.30
15.40
20.40
19.60
13.70
20.70
37.30
31.60
36.70
23.50
42.40
21.40
10.10
24.60
40.70
20.30
10.50
30.30
34.60
16.40
12.30
22.50
19.20
43.50
15.30
18.50
40.50
16.00
18.00
24.40
32.50
30.80
39.40
32.60
32.50
16.90
29.90
28.10
27.50
35.10
11.60
30.90
35.60
37.30
10.50
12.30
12.90
24.20
27.00
17.10
24.20
44.80
35.50
22.60
17.80
42.90
20.20
21.90
37.80
24.40
14.10
15.30
16.70
12.80
28.40
26.10
26.70
36.50
39.10
29.90
20.20
23.40
20.20
42.50
17.10
38.70
10.90
41.60
11.90
41.10
32.70
20.30
36.70
37.10
19.00
38.30
13.20
38.20
30.70
23.90
41.80
14.80
17.40
23.30
16.10
27.50
28.30
38.70
38.40
15.00
27.20
44.70
33.30
34.30
29.30
25.10
19.90
38.50
31.40
14.20
33.10
40.20
23.10
36.10
29.80
36.50
28.10
21.40
36.00
10.80
11.10
12.80
23.10
36.20
38.40
16.10
43.80
35.80
14.90
30.40
41.40
22.60
21.60
20.10
13.20
18.60
22.90
16.70
44.30
12.00
16.30
20.10
39.80
21.80
16.50
32.30
12.70
33.60
11.40
39.60
33.80
13.80
21.20
17.60
12.20
19.90
39.70
29.70
34.90
22.10
30.90
36.70
43.00
24.80
40.00
32.70
36.70
15.60
35.80
27.30
14.20
16.50
26.80
26.80
44.50
42.70
19.80
34.20
31.40
17.70
30.10
33.40
42.80
44.50
28.60
31.00
28.60
11.90
27.30
18.90
20.20
39.60
32.20
31.20
42.80
28.70
43.80
32.20
20.50
18.20
10.70
42.30
34.00
29.50
17.90
15.30
30.90
23.70
23.20
31.80
33.30
20.80
26.10
35.50
19.10
34.10
36.90
25.60
22.50
21.40
29.10
11.80
39.50
36.50
36.10
40.30
37.20
16.90
19.20
28.30
32.20
26.10
33.60
40.60
14.50
16.40
11.30
41.90
14.10
44.60
28.90
41.40
25.30
22.10
24.90
35.20
43.80
42.10
20.50
15.90
26.30
20.00
12.00
30.10
24.80
32.60
22.90
39.10
33.70
38.20
11.20
14.40
21.00
30.20
23.70
22.70
17.50
13.40
19.10
42.60
36.00
18.50
13.70
21.50
25.20
22.70
29.90
28.70
14.20
24.20
29.20
44.00
39.90
40.00
29.40
39.30
13.50
41.10
32.10
26.50
25.90
18.00
42.00
11.80
45.00
13.20
32.00
18.50
22.70
12.70
33.20
19.30
12.70
20.90
33.10
11.10
27.90
37.40
34.20
17.00
43.20
19.10
39.50
39.30
15.00
15.60
12.50
41.80
14.90
13.60
24.40
40.70
23.60
14.60
15.80
23.20
15.70
19.30
15.90
35.60
21.60
43.60
40.80
15.00
24.30
43.90
42.20
16.60
36.30
37.00
41.90
22.30
34.00
12.20
38.30
29.80
14.00
10.10
36.50
30.70
33.30
30.70
31.60
44.90
22.00
42.40
34.80
15.00
33.10
23.30
27.00
31.20
44.60
39.40
25.70
39.70
23.30
35.50
40.70
42.80
15.90
38.40
23.70
16.30
23.10
22.90
44.50
40.10
12.60
37.10
38.60
42.80
32.00
34.30
13.80
31.50
40.10
11.80
35.40
44.60
14.30
18.50
25.10
23.60
44.70
11.10
42.40
39.50
30.10
19.20
22.10
30.00
10.10
26.10
36.90
26.00
27.50
24.40
24.70
36.80
24.80
33.40
19.50
25.00
34.40
32.00
13.10
12.90
37.20
42.60
23.10
32.40
13.90
24.20
36.70
40.10
43.30
10.70
34.80
10.50
44.80
14.70
21.70
34.70
40.50
16.30
34.90
29.10
34.40
28.50
14.40
25.30
26.90
38.30
38.00
31.60
11.10
29.80
24.20
41.70
23.70
25.60
14.40
22.60
21.40
19.80
35.00
23.70
27.10
32.10
16.00
34.90
10.40
27.30
18.80
38.30
36.70
43.10
36.30
33.10
12.00
17.30
28.90
37.50
36.40
37.80
23.20
11.30
23.70
24.60
12.30
20.90
36.50
34.90
32.40
37.10
40.20
42.20
40.50
35.00
32.70
16.70
23.20
27.70
18.00
11.40
38.90
13.80
10.40
10.90
43.60
31.10
43.30
43.10
37.40
17.20
12.50
31.00
18.80
27.80
43.70
43.80
19.70
27.60
28.60
19.40
10.20
24.50
23.60
29.00
18.90
33.20
34.50
13.00
12.60
39.50
31.10
30.80
28.20
34.80
28.70
39.50
41.40
35.70
42.00
44.30
15.30
31.60
12.70
12.10
14.80
24.40
13.80
23.10
17.00
29.20
38.30
19.90
20.70
10.80
41.30
23.30
28.00
44.40
13.40
17.50
39.20
23.40
13.00
13.30
27.40
21.40
21.00
32.80
14.70
21.00
41.40
22.50
37.60
24.40
24.00
42.00
41.10
23.50
31.80
22.80
18.40
14.90
38.40
39.90
22.30
41.60
24.70
36.00
24.00
26.20
12.80
16.30
20.30
19.70
21.70
13.10
37.70
30.10
22.90
36.70
10.50
35.50
22.30
25.80
42.00
16.80
15.50
25.20
15.90
29.90
26.80
15.70
38.60
13.00
29.90
24.60
16.30
30.30
21.40
44.00
44.20
27.00
39.20
14.50
21.10
44.70
13.50
12.80
21.90
39.20
37.30
16.40
43.20
29.80
21.30
14.80
30.00
17.50
32.10
43.30
23.20
25.00
31.00
31.50
26.30
18.50
42.40
17.90
29.10
15.30
27.50
44.90
28.10
17.90
36.20
12.80
30.80
20.00
32.70
35.90
40.20
41.50
13.20
36.30
12.50
12.40
34.40
26.00
38.50
32.10
21.30
26.50
26.00
15.10
22.00
34.80
23.40
19.60
26.20
45.00
23.10
44.90
37.20
24.10
37.60
44.60
44.70
24.10
14.70
11.70
34.90
28.20
40.20
15.30
34.70
38.90
34.20
29.20
34.80
25.30
18.60
29.30
29.30
24.90
26.80
27.00
23.90
44.40
38.10
26.90
17.70
30.40
20.40
21.20
33.20
42.70
31.60
28.70
33.70
44.80
15.70
30.30
13.40
31.90
17.90
18.20
42.40
37.10
21.90
14.30
33.00
24.10
19.90
17.20
41.80
29.30
30.60
35.10
33.90
20.10
34.70
42.10
19.90
16.60
20.50
32.70
42.70
31.90
27.80
32.70
17.70
27.50
32.60
13.30
23.80
15.40
10.40
18.60
43.00
30.00
15.10
37.70
43.10
17.60
39.50
32.50
21.40
36.60
27.70
34.90
22.80
38.80
14.10
22.90
33.80
26.80
20.40
17.10
27.80
27.30
32.10
17.50
42.40
35.90
16.10
26.40
15.00
20.40
10.70
19.90
17.80
12.10
37.30
34.40
11.40
32.60
34.10
30.80
17.90
34.30
40.80
24.50
14.50
37.50
17.60
30.80
44.90
21.30
18.00
23.40
23.60
19.10
36.50
40.90
10.40
23.40
27.90
22.60
23.00
23.80
26.20
16.50
14.20
14.60
23.50
40.20
24.50
35.40
38.70
45.00
37.00
15.10
20.40
22.20
21.30
33.70
33.10
20.30
27.80
16.20
27.70
32.20
37.70
23.90
14.00
32.20
12.80
11.20
17.30
42.30
17.80
14.40
36.50
14.00
15.20
37.50
42.60
11.10
24.40
32.00
31.20
42.80
22.70
23.80
33.90
44.50
13.60
37.90
15.10
43.90
10.20
43.30
44.60
11.70
42.00
36.60
44.00
43.40
19.40
23.10
20.00
18.50
29.30
33.40
30.00
38.30
42.50
36.60
24.40
24.20
22.70
40.80
41.60
26.90
27.70
27.10
30.00
21.50
21.60
33.50
31.00
28.80
42.00
29.40
17.20
17.40
35.20
25.80
25.70
38.70
33.70
12.30
35.90
42.10
38.00
10.60
33.50
19.60
27.50
20.00
18.80
11.60
40.30
34.60
25.00
23.60
42.20
10.90
