28.60
27.20
11.00
38.40
32.00
28.20
32.00
18.30
27.30
11.80
19.70
32.40
20.20
41.00
18.00
38.30
20.40
12.30
22.80
13.20
23.80
13.50
17.60
42.90
18.60
31.50
39.50
42.80
44.30
34.80
18.10
16.40
19.30
41.50
27.20
32.60
24.10
23.50
28.60
32.60
26.00
27.40
18.70
33.80
40.20
12.30
42.20
11.30
34.50
12.60
11.80
12.50
11.80
16.90
29.00
15.10
11.70
17.20
11.90
43.90
40.70
10.60
43.00
15.00
33.60
32.10
40.00
12.10
14.40
41.60
25.20
37.10
41.90
16.80
29.10
36.80
37.60
40.00
28.50
32.20
35.60
19.30
35.80
10.80
43.20
14.10
45.00
31.60
35.30
27.10
34.80
32.20
29.90
21.70
31.50
38.20
32.70
18.40
10.20
43.40
38.00
34.00
33.80
37.00
32.10
25.70
36.70
18.40
10.00
24.10
16.90
31.30
13.90
26.40
20.70
11.50
35.60
14.40
28.60
22.20
36.10
31.60
14.30
32.10
21.90
32.50
19.80
15.00
27.70
33.60
14.90
29.00
14.50
33.10
13.00
41.30
44.90
18.40
14.80
34.10
27.00
38.80
31.80
21.50
17.70
23.50
11.70
33.00
21.50
39.80
32.80
37.20
44.20
32.90
43.70
33.80
15.50
13.40
38.50
10.00
27.20
43.70
12.70
41.70
21.80
26.80
19.40
40.70
19.40
34.50
27.90
12.80
10.40
41.50
15.50
17.40
31.40
41.00
14.20
11.10
24.90
11.70
38.50
13.10
44.10
41.60
44.90
21.50
43.00
12.20
17.90
27.10
43.40
44.30
41.80
43.30
19.80
35.60
13.60
21.10
27.50
31.80
29.30
29.20
33.10
16.30
23.80
21.60
11.70
23.80
21.00
42.70
10.60
33.50
30.10
44.20
18.70
24.00
44.50
13.40
27.80
24.00
22.50
25.90
44.70
20.90
12.10
42.60
31.80
20.40
39.90
29.70
40.20
32.20
29.70
23.30
31.00
25.00
12.80
39.90
34.50
29.10
31.00
23.00
22.90
29.30
37.70
33.60
38.60
35.90
18.40
40.60
33.10
16.00
11.10
36.90
24.40
10.00
13.00
36.10
23.60
31.50
14.20
33.30
16.70
36.20
21.90
26.80
18.60
31.90
43.80
20.60
18.90
41.50
24.40
34.10
14.80
18.70
24.60
23.80
36.60
29.80
36.10
24.90
30.60
10.90
27.30
14.70
13.00
23.40
41.60
43.40
10.40
21.20
34.70
15.50
31.20
33.90
30.80
40.70
31.30
24.10
14.00
34.10
42.90
12.70
14.20
38.00
18.70
23.30
40.10
27.60
10.10
21.10
33.30
39.00
37.20
19.20
44.50
23.10
33.60
39.90
27.60
13.20
36.20
28.50
39.70
41.70
40.40
23.50
20.40
29.40
30.20
28.90
42.90
28.20
26.60
40.60
34.80
22.10
27.50
42.90
29.60
17.00
24.50
43.40
45.00
37.50
16.40
36.40
24.30
14.00
22.60
29.70
37.20
27.00
14.30
28.40
14.70
22.40
24.80
35.10
13.30
33.10
15.40
34.90
26.30
41.30
24.70
20.90
22.20
11.40
29.90
41.70
43.60
33.00
16.30
18.30
32.90
15.70
22.60
25.80
33.40
32.40
40.60
21.80
19.80
32.40
22.60
17.30
38.60
38.80
10.10
33.50
17.00
44.40
14.50
41.10
20.00
21.40
12.80
13.70
30.60
28.90
10.40
29.30
38.60
39.60
13.00
29.30
27.20
20.70
33.80
44.80
28.70
13.30
20.80
41.10
39.30
42.80
36.30
27.40
32.50
40.00
16.90
23.40
13.80
17.30
35.80
32.70
20.10
44.40
34.40
22.50
44.20
11.60
18.80
29.70
26.80
14.40
39.30
11.30
42.80
39.10
38.80
10.90
33.70
12.70
30.30
25.00
21.60
10.00
36.90
12.50
30.80
28.60
36.60
11.80
29.60
44.20
14.80
29.10
11.90
30.00
17.30
23.30
38.90
21.30
43.50
38.00
36.40
33.60
28.50
14.90
10.70
26.90
31.90
33.30
35.90
15.40
44.60
16.70
44.10
42.50
43.30
35.10
30.00
23.20
23.60
13.90
27.00
43.60
35.30
22.60
14.20
25.40
10.00
34.70
38.20
17.30
17.70
34.40
33.10
31.30
37.80
25.80
33.40
33.50
29.80
19.40
42.40
30.90
14.80
34.70
17.30
30.10
42.40
32.70
33.60
17.50
10.30
44.00
10.60
15.50
28.80
31.80
22.80
14.90
24.60
17.00
43.80
14.00
21.20
12.40
28.80
25.90
24.10
36.50
32.00
21.40
42.30
18.30
33.00
13.00
38.60
16.20
38.70
44.00
14.10
19.60
33.70
30.30
30.40
10.80
40.50
31.20
30.30
12.40
39.90
21.10
39.90
18.50
20.30
32.00
42.20
22.50
40.00
15.20
19.50
39.80
17.40
39.60
42.20
34.20
31.20
40.30
28.80
16.20
10.70
42.00
13.10
44.10
17.60
17.10
36.40
24.00
31.60
20.60
33.30
12.30
34.10
15.50
20.50
23.80
34.50
28.80
44.10
37.40
25.30
36.00
31.30
39.90
17.00
22.70
14.50
33.40
35.20
39.80
44.20
14.90
20.00
10.60
25.20
29.60
24.80
18.50
24.70
44.30
43.10
31.90
17.00
22.60
30.50
23.70
42.70
19.40
37.70
28.20
39.70
12.10
25.10
42.70
31.10
16.80
15.30
42.70
20.70
17.50
34.20
37.30
18.70
24.00
16.30
40.30
39.80
20.20
28.10
35.70
17.70
36.80
19.40
25.00
17.70
44.30
15.40
22.70
14.00
41.30
33.20
18.70
29.90
15.70
34.90
36.80
12.20
44.10
35.70
16.70
42.20
19.50
24.90
43.70
12.50
18.40
37.60
13.40
16.70
12.70
23.80
31.60
42.40
36.00
22.40
30.70
24.30
29.90
15.40
15.00
44.50
15.60
32.80
16.20
18.90
17.90
34.80
28.20
17.40
39.70
14.40
42.90
25.00
42.00
15.10
25.10
40.60
27.80
15.10
17.20
33.20
40.80
30.70
17.10
14.30
43.20
38.60
26.70
31.50
21.80
34.10
39.00
13.40
44.30
43.90
34.40
27.10
39.00
29.20
18.80
32.80
27.40
33.70
18.00
25.50
44.80
36.90
35.00
32.30
12.20
25.20
13.20
24.20
20.90
21.20
28.70
34.80
37.60
42.40
34.70
25.10
25.00
16.60
25.50
34.30
41.20
26.80
30.80
37.50
20.60
17.50
35.20
27.00
40.70
39.10
35.70
26.30
28.80
13.40
14.60
28.20
23.30
22.20
38.40
33.10
22.60
13.10
38.20
25.80
28.80
22.30
13.20
25.70
12.80
23.60
18.40
44.80
10.90
16.50
14.90
13.40
11.60
34.30
39.10
42.70
40.80
33.40
22.70
33.40
14.20
15.50
14.50
24.80
11.60
14.40
12.10
30.10
38.00
16.80
35.30
22.90
22.80
41.30
29.70
29.00
27.60
25.30
39.80
42.30
43.70
42.60
35.90
25.60
20.50
36.10
24.00
11.80
31.60
14.00
25.70
36.50
11.90
39.30
10.50
24.70
43.90
27.60
21.40
23.10
19.20
10.30
21.60
28.90
10.80
36.90
13.90
13.80
27.10
44.40
36.60
19.60
27.00
10.30
10.00
16.60
38.70
30.90
15.10
27.10
32.50
10.90
12.30
21.10
39.00
22.20
34.00
35.40
26.50
14.40
24.30
23.00
13.70
15.40
36.60
35.10
22.70
37.50
33.20
20.70
17.90
44.10
37.90
24.00
25.00
35.60
36.80
10.00
29.70
35.30
42.60
25.30
38.00
24.30
27.70
13.60
10.90
34.20
39.20
42.90
25.90
12.20
15.20
27.10
31.60
30.10
17.90
33.90
41.30
13.40
39.00
41.30
14.30
30.40
15.50
13.60
25.90
19.30
42.70
20.90
28.50
12.90
19.80
36.70
40.60
36.50
41.20
43.30
42.00
25.50
15.80
20.10
10.70
36.00
18.30
12.50
31.40
34.60
17.40
14.20
15.70
32.80
23.90
10.50
39.50
36.20
10.30
40.50
41.80
10.70
25.20
19.30
18.90
21.80
36.00
15.50
33.90
42.20
16.20
17.70
17.60
18.40
28.80
38.10
12.20
25.50
40.30
17.10
14.00
20.70
10.90
42.50
43.40
41.40
12.30
41.50
41.80
31.50
11.60
39.90
14.50
24.30
23.70
44.90
13.10
18.80
16.50
36.00
15.50
36.80
39.00
31.30
19.10
16.70
31.60
11.70
23.10
14.90
37.00
19.60
41.50
28.00
28.00
30.60
33.30
33.30
10.90
17.20
35.00
43.50
13.80
18.00
13.40
39.40
31.40
26.00
10.40
28.60
44.20
34.00
15.60
15.30
18.60
40.60
27.50
30.30
35.00
19.00
20.20
44.80
19.20
44.80
17.50
12.30
10.70
37.30
10.00
37.20
23.60
13.30
42.30
44.70
33.70
31.00
32.90
11.30
37.30
29.10
44.50
43.20
29.80
43.00
33.20
21.40
34.30
33.70
16.60
40.40
26.60
33.50
27.20
33.50
26.10
31.90
41.00
24.00
26.00
19.80
28.30
11.40
32.50
32.10
42.60
28.50
18.50
32.60
17.60
13.30
10.80
17.60
42.00
18.40
43.60
17.50
11.10
30.70
29.30
25.00
42.90
26.20
34.60
30.60
33.60
31.20
17.50
36.30
33.60
15.10
29.90
18.00
37.50
11.90
38.30
28.40
16.50
33.80
28.90
32.00
16.00
16.30
34.50
36.30
38.60
44.50
42.50
26.10
26.30
13.60
26.40
41.20
21.40
17.00
22.10
37.00
31.40
25.60
44.20
10.00
40.80
23.40
25.80
32.80
21.60
30.00
39.40
26.30
27.00
41.90
23.20
11.00
12.60
39.00
33.40
13.10
18.50
20.90
24.10
39.60
20.00
37.40
42.30
28.50
14.90
25.50
26.30
37.40
29.30
43.90
11.50
22.10
18.30
27.10
33.00
13.60
18.40
32.90
20.10
21.50
31.20
22.30
37.30
42.10
18.50
44.80
11.20
24.70
14.50
41.90
11.00
10.30
18.50
42.00
33.50
30.00
12.00
13.30
27.50
21.10
12.40
16.90
27.50
11.90
29.90
39.90
14.80
15.00
32.60
12.40
10.80
26.90
19.00
43.20
14.70
13.50
15.20
19.10
14.30
13.20
41.10
22.40
39.30
18.00
17.30
31.90
41.30
18.90
33.90
40.80
40.50
30.40
35.10
43.80
36.20
12.80
23.10
15.30
41.70
20.70
22.30
18.20
36.00
18.60
26.00
40.00
28.40
22.30
35.40
41.60
23.70
25.30
14.70
31.00
40.30
16.70
42.00
17.50
20.30
38.40
17.00
18.50
14.90
17.40
30.20
40.40
40.40
12.70
12.30
36.20
25.90
39.00
13.30
31.20
38.60
12.90
40.70
34.10
28.20
11.20
32.30
15.30
43.40
42.70
20.70
27.60
31.10
27.00
33.10
30.50
36.30
28.70
22.50
25.70
29.20
15.80
42.40
36.20
40.20
29.30
37.50
17.10
22.20
27.60
43.50
14.70
20.50
38.10
25.10
25.60
13.70
11.70
24.20
32.00
20.90
25.00
38.90
10.10
37.80
33.70
19.70
27.40
22.50
16.30
29.20
38.70
33.20
28.50
32.00
43.20
20.70
36.60
41.70
32.80
43.80
16.20
21.90
25.30
13.60
40.50
35.80
38.30
15.70
10.70
15.10
25.00
22.40
37.60
35.80
24.20
24.00
28.40
11.80
35.90
39.30
32.20
10.50
27.80
18.00
12.30
36.70
28.10
22.50
21.60
14.50
21.00
37.20
25.20
29.90
40.30
37.50
28.80
35.10
26.50
20.80
34.50
27.00
39.20
30.20
13.50
30.80
34.40
35.30
37.30
13.70
25.50
32.00
12.20
12.40
27.90
31.30
17.80
13.50
44.40
33.10
43.60
18.50
20.20
34.10
28.60
32.50
30.70
15.80
23.90
13.70
31.30
34.40
25.90
33.40
21.70
17.50
12.80
31.60
38.10
25.70
17.70
29.80
42.20
15.30
23.30
28.90
44.30
36.20
12.30
17.20
43.70
27.90
43.70
20.20
28.10
11.20
40.70
17.60
41.50
12.20
43.10
31.30
43.40
41.20
34.70
19.30
11.10
31.70
21.90
44.40
41.50
20.30
39.20
13.20
38.30
21.70
41.80
12.80
40.60
31.00
17.70
29.90
42.10
35.20
32.00
20.80
25.50
14.30
26.70
34.30
41.50
36.40
17.70
16.10
34.30
26.10
42.60
19.90
22.80
31.60
38.40
33.30
33.30
11.60
43.30
40.20
38.30
14.40
43.10
34.60
31.90
18.90
36.50
17.10
14.70
17.70
31.30
31.70
38.70
25.30
31.70
29.50
19.40
40.30
15.90
43.80
29.90
15.90
11.60
19.10
38.70
19.40
21.40
18.50
28.10
22.50
24.30
14.50
37.70
43.90
20.50
40.00
10.90
17.00
28.80
31.10
36.40
36.70
29.20
33.30
12.40
36.50
20.80
11.60
41.10
22.30
19.90
41.80
13.80
14.30
33.80
44.40
31.00
23.60
41.10
22.40
38.70
38.10
44.80
23.20
16.50
15.60
30.00
29.80
33.60
35.00
15.00
37.50
36.70
24.90
34.50
14.90
37.70
27.30
28.90
40.70
17.60
30.70
40.70
16.30
10.80
11.00
35.80
22.80
25.10
30.80
15.30
35.30
21.30
12.50
19.40
17.20
41.40
27.10
32.70
18.60
42.00
36.30
13.20
12.70
11.20
32.60
17.90
44.40
39.10
18.20
12.90
11.00
13.80
34.30
22.20
22.90
22.90
22.50
37.60
31.70
11.50
16.80
26.30
16.10
38.70
17.50
44.30
32.30
20.40
20.70
27.30
26.20
14.50
20.70
39.80
21.20
21.50
21.60
36.90
34.40
29.10
25.40
30.90
41.70
37.10
42.10
10.30
34.20
10.90
35.60
30.70
30.30
15.70
42.50
36.40
36.00
16.60
33.10
39.30
38.60
17.00
20.60
25.00
39.50
42.40
27.80
17.70
12.30
31.00
13.10
20.50
42.50
19.40
25.00
39.00
10.90
30.00
26.70
13.60
11.70
33.40
24.80
43.60
20.90
43.70
19.10
25.90
35.60
32.80
19.80
30.60
29.70
34.90
31.40
38.90
15.70
19.70
11.60
35.30
34.50
25.50
26.40
38.70
32.20
37.80
36.90
24.60
15.30
27.70
11.80
36.90
12.20
35.70
21.20
15.60
17.90
10.70
35.50
20.20
24.50
25.90
24.00
11.60
40.20
15.60
37.10
39.00
22.50
13.40
42.20
39.30
28.60
23.30
28.30
28.50
40.10
25.20
40.40
31.50
12.40
34.50
24.60
17.10
24.20
15.20
41.80
31.80
22.30
21.40
10.70
15.50
10.40
19.30
43.30
30.30
28.90
28.30
16.10
18.50
10.70
12.30
26.10
44.50
21.10
33.30
21.70
26.30
22.10
32.90
44.70
32.10
34.90
24.30
16.00
18.60
28.80
26.00
40.30
32.10
31.80
11.90
41.60
39.30
31.80
15.70
14.00
44.80
15.80
44.70
24.20
30.10
21.20
37.10
35.10
14.80
10.90
38.60
35.40
13.00
10.50
30.70
30.70
23.40
26.70
26.30
29.10
32.60
22.70
16.40
13.60
36.00
17.60
19.70
40.10
32.90
28.60
13.70
39.90
30.80
24.10
21.50
41.40
14.40
42.70
40.10
27.10
17.40
32.60
36.00
36.10
10.90
28.50
34.10
34.50
39.60
41.10
42.30
42.50
21.00
36.70
33.90
17.20
41.80
18.30
13.40
25.80
15.20
15.10
26.70
27.00
42.00
26.30
32.50
30.00
18.00
39.80
40.70
12.00
19.70
38.90
44.60
21.80
23.60
13.70
23.10
13.40
22.50
23.90
17.30
11.30
22.00
18.20
43.50
17.60
13.20
24.00
42.90
29.90
44.30
22.50
37.50
18.20
27.70
18.10
31.80
33.80
30.70
32.30
37.20
23.60
43.40
27.20
10.70
44.40
44.20
42.40
26.50
25.90
17.20
33.10
33.30
30.90
29.00
33.20
21.30
17.80
35.50
36.40
26.30
27.60
37.30
34.20
23.70
13.70
33.30
40.80
17.70
19.60
23.80
35.50
18.50
10.40
40.40
31.60
10.20
22.00
29.80
37.80
31.20
41.50
44.30
20.90
44.40
44.00
14.00
22.30
24.70
13.20
34.80
17.50
37.50
41.60
32.90
21.80
14.10
43.90
41.00
23.10
23.20
12.80
21.10
35.40
35.30
19.00
33.60
20.40
32.30
17.30
31.00
15.50
28.10
33.00
12.60
37.40
30.60
21.40
27.80
27.80
31.10
27.80
24.20
23.90
37.90
33.60
24.10
14.10
31.40
39.20
26.30
28.30
31.90
10.70
22.50
26.90
34.10
22.80
43.70
12.00
40.60
38.20
12.10
12.20
44.30
31.80
33.80
24.00
32.70
22.60
36.40
24.50
35.10
38.00
29.10
36.00
20.10
22.60
24.30
29.80
21.20
35.60
25.20
18.20
32.10
29.60
25.60
39.00
14.40
38.80
20.30
14.00
25.40
39.70
18.60
17.40
26.20
36.90
40.00
43.20
11.40
38.80
16.80
29.40
20.70
37.00
35.90
11.10
26.10
44.70
14.70
16.60
13.80
42.70
34.50
15.20
37.70
18.40
17.60
33.50
28.00
43.20
25.80
40.80
37.50
19.10
43.40
36.40
26.60
41.30
27.50
40.20
17.60
11.40
42.90
11.10
42.30
42.50
20.60
33.60
21.80
12.70
44.90
32.90
37.70
40.60
39.20
32.40
27.20
19.60
26.30
39.00
11.60
25.50
23.00
22.50
15.20
27.00
42.90
28.10
41.40
38.10
41.80
28.20
13.20
35.90
32.70
31.70
10.70
16.10
36.20
38.40
35.70
31.40
10.10
23.20
27.40
39.10
12.30
21.20
23.00
17.20
41.70
34.50
30.50
15.60
39.00
10.30
34.80
29.00
30.20
16.00
14.00
22.60
23.40
32.40
12.60
20.90
17.10
15.40
31.90
30.40
28.10
30.70
33.00
38.70
13.40
36.20
33.20
34.20
23.50
40.10
43.20
16.80
42.80
22.90
31.20
25.50
14.70
22.30
26.40
17.80
21.10
11.60
23.90
17.90
16.40
35.00
31.70
25.40
14.50
39.20
27.50
25.40
17.50
39.60
41.10
38.50
29.50
12.00
26.90
22.90
31.70
44.20
20.60
20.60
38.10
28.20
15.30
20.10
20.70
20.10
11.20
22.40
32.00
16.80
32.10
35.70
29.30
34.10
28.00
26.00
24.40
34.90
19.40
10.00
25.20
13.60
34.20
33.80
13.40
16.30
31.00
14.80
44.50
42.80
28.10
24.00
40.30
38.90
12.10
37.20
26.10
40.40
17.00
24.70
37.60
37.00
23.80
17.80
22.90
44.40
25.70
25.70
42.10
28.90
18.70
15.30
17.20
39.40
16.60
29.30
16.30
22.10
19.40
22.50
12.90
36.40
24.90
35.20
39.10
22.60
11.70
20.70
35.40
18.20
22.60
23.10
23.90
22.80
39.70
26.90
34.10
30.00
36.30
36.40
22.60
33.60
32.30
22.30
26.90
24.80
39.60
31.70
41.90
42.90
36.70
13.00
24.70
36.70
31.00
42.70
14.00
11.00
12.90
41.10
30.50
11.20
12.90
33.70
20.30
16.10
37.00
28.80
14.70
38.90
10.00
31.90
11.40
18.80
11.60
34.00
34.20
32.60
18.30
44.30
28.50
22.60
38.60
21.70
21.10
27.80
26.50
21.70
37.60
24.60
33.20
26.40
27.00
27.20
15.90
28.70
11.50
36.00
41.60
24.50
16.90
33.50
14.00
39.20
41.40
33.30
38.70
14.20
44.40
14.20
32.90
31.90
38.20
21.10
14.90
12.30
30.30
44.00
33.20
25.50
34.60
43.90
29.40
32.60
20.70
25.60
42.10
26.60
32.00
36.50
28.50
30.10
21.30
24.60
16.40
42.20
18.30
17.80
14.80
29.60
12.30
36.50
35.10
13.70
38.50
37.70
25.20
34.10
18.80
24.90
30.10
24.80
16.90
12.60
31.20
37.10
25.70
24.30
42.20
32.40
41.90
35.10
26.70
11.90
25.00
24.00
30.30
39.10
40.40
44.70
20.80
26.30
31.90
17.60
34.40
10.70
11.60
30.60
24.40
37.30
11.00
42.00
11.20
44.10
20.60
38.30
38.70
44.90
15.00
42.50
32.80
23.10
23.00
21.70
42.30
43.50
20.50
22.20
26.00
38.30
10.40
27.50
15.20
41.30
31.30
31.00
39.10
12.80
25.30
30.30
34.60
31.20
26.70
39.10
19.90
38.90
16.50
27.90
44.90
35.10
17.00
39.90
39.00
33.40
29.10
11.80
12.00
14.00
33.50
19.70
43.30
24.40
28.50
25.60
32.50
18.70
22.30
21.90
23.10
37.80
25.20
44.20
25.10
34.50
19.50
39.00
23.30
43.60
31.30
36.30
21.40
18.20
30.60
18.60
38.90
16.20
34.30
38.20
18.90
24.60
20.70
27.30
10.30
21.30
21.40
36.90
29.10
22.60
43.40
42.80
30.20
21.00
16.60
36.50
41.80
19.90
37.00
41.00
33.20
34.30
33.60
37.90
11.30
33.20
27.20
17.50
36.60
36.00
11.20
31.40
35.50
27.40
20.50
31.60
37.20
25.70
14.40
11.90
44.30
41.50
44.90
32.20
25.10
23.00
13.60
23.80
37.90
11.10
25.80
31.00
27.40
24.10
43.00
42.80
35.60
43.90
41.00
11.20
19.80
42.20
33.00
16.50
23.40
34.60
32.30
25.00
42.20
35.60
11.80
36.00
18.10
17.50
26.00
12.50
18.30
15.10
44.20
23.30
36.70
39.20
19.40
42.10
44.00
26.50
42.20
24.40
31.10
15.10
43.20
21.00
23.10
16.70
43.70
16.40
30.80
18.50
20.20
38.30
19.60
16.90
17.00
17.10
36.30
27.40
16.40
30.30
16.10
14.80
29.00
21.30
19.10
17.70
12.30
32.60
32.00
44.80
27.00
11.20
39.30
23.30
21.60
35.50
39.10
10.20
43.50
23.50
40.30
21.70
30.50
10.20
26.50
13.20
18.90
23.60
11.10
10.00
35.40
19.70
12.90
14.40
40.10
34.40
36.50
23.80
15.50
32.20
37.30
22.30
29.50
16.50
26.20
10.10
25.10
34.00
25.30
33.80
16.80
30.30
16.80
32.00
10.60
39.70
21.90
21.10
13.20
25.90
38.00
28.40
36.20
24.70
28.50
11.20
39.20
13.00
27.70
21.20
20.20
41.50
11.00
17.30
14.20
32.20
24.00
32.10
32.20
27.50
14.50
20.80
35.70
26.90
41.60
13.40
27.20
16.90
36.80
11.20
30.40
29.00
28.00
15.00
35.70
31.60
32.30
29.20
42.50
42.60
33.20
24.20
12.50
22.10
20.70
37.50
33.70
18.00
25.90
21.20
11.90
43.90
36.50
33.00
25.00
42.90
36.10
39.40
40.90
17.00
36.80
41.00
11.20
33.90
10.20
15.30
12.60
25.00
36.20
13.70
12.10
11.30
35.20
43.20
23.20
36.40
15.90
11.80
33.70
39.30
14.20
12.40
32.70
27.80
41.30
24.30
43.50
25.80
38.20
16.20
15.30
12.50
20.20
23.20
30.50
24.90
25.10
44.00
35.40
10.80
11.40
42.60
22.60
29.60
29.40
20.00
34.10
11.40
21.20
42.50
42.80
21.60
21.30
18.70
33.00
25.50
44.10
28.80
34.00
25.30
41.10
19.10
40.00
40.10
38.60
38.00
15.00
31.70
36.90
30.50
25.40
35.20
14.60
39.80
35.60
24.40
34.90
35.10
43.50
20.30
23.30
28.00
29.10
14.00
24.80
20.90
44.10
12.40
14.00
27.30
14.70
43.10
16.30
26.20
43.70
19.20
16.10
30.90
16.90
25.60
30.60
35.70
37.60
30.50
17.20
31.60
24.10
21.60
44.40
32.20
24.40
17.20
33.30
39.00
13.70
10.30
28.40
11.70
34.50
19.50
44.60
42.60
22.10
31.80
31.90
14.30
15.60
29.60
15.60
39.20
27.60
17.20
13.90
27.20
13.10
27.20
27.00
40.00
30.40
11.10
31.70
34.90
43.60
30.20
32.80
32.80
31.60
35.90
15.80
13.80
16.20
37.20
40.00
43.30
35.90
38.60
32.60
21.50
30.50
11.80
28.30
19.60
22.00
29.70
42.90
42.30
14.10
25.20
36.30
37.30
44.70
20.70
19.50
11.50
12.90
24.50
25.50
42.70
39.60
16.60
39.30
21.10
38.10
21.20
17.70
23.00
40.00
11.40
34.10
18.60
19.50
36.40
43.20
18.10
20.40
33.70
34.00
35.30
33.90
28.00
41.10
12.30
13.80
10.90
35.00
44.70
23.80
37.60
32.30
38.70
31.50
33.40
10.00
44.80
12.20
15.70
25.10
37.50
21.80
26.80
15.50
15.30
16.00
18.60
17.90
23.90
25.30
17.20
13.10
14.00
11.30
28.00
30.20
36.70
31.60
14.60
10.30
11.40
22.30
42.70
38.10
36.20
39.70
44.20
16.60
41.10
32.60
22.20
32.60
24.40
19.50
10.20
13.60
23.90
20.00
16.80
41.20
27.10
22.50
22.90
43.10
34.50
11.20
17.80
26.80
31.70
15.40
19.70
22.10
31.50
35.20
38.00
26.30
44.60
41.90
44.80
25.20
19.30
12.60
26.90
32.40
17.70
22.50
44.60
44.20
43.70
34.40
38.00
13.10
28.90
13.40
38.80
31.60
27.50
17.30
43.60
32.80
16.40
22.00
16.30
15.40
30.30
24.40
11.10
38.70
17.20
30.60
38.00
14.30
33.50
31.70
15.50
40.40
15.50
35.50
22.10
29.60
33.20
36.20
32.70
29.00
10.80
19.00
16.50
25.00
30.20
17.20
32.80
13.10
26.70
20.60
33.80
21.40
19.80
42.00
20.70
14.30
25.70
24.10
30.20
37.70
33.40
42.80
30.90
44.10
19.10
31.30
19.50
29.50
39.30
27.90
26.70
18.70
42.10
29.90
20.30
40.60
36.00
19.90
12.50
37.60
31.20
14.10
26.70
27.10
13.10
23.80
28.50
40.60
22.20
21.90
20.10
23.10
29.10
30.20
14.30
21.40
25.90
44.10
26.70
25.40
14.10
34.40
12.90
12.60
38.20
44.90
12.70
34.40
44.80
15.10
15.70
14.60
30.60
20.90
39.70
28.40
12.20
16.50
33.10
36.30
16.00
35.00
32.70
43.90
35.30
31.50
22.30
30.30
39.30
22.50
20.30
22.00
37.00
17.70
26.70
17.00
13.30
23.80
29.20
14.80
26.30
28.40
42.90
26.90
31.50
35.10
26.10
25.70
28.30
22.20
27.70
27.10
41.60
11.80
22.60
33.20
42.20
25.30
24.40
34.60
44.60
17.80
15.60
18.00
35.80
12.40
24.00
24.90
24.20
33.40
13.50
12.90
28.80
16.20
26.00
17.80
26.70
24.90
34.10
23.20
25.70
29.10
36.90
44.60
40.70
19.90
26.00
35.50
41.60
22.10
40.00
28.20
24.30
14.00
30.60
21.40
33.50
17.10
25.20
37.70
43.60
44.50
13.20
35.00
14.80
24.90
30.20
19.70
21.30
14.00
24.70
13.50
33.40
39.70
36.90
10.00
10.00
44.30
13.80
15.60
34.10
19.70
15.50
24.50
34.50
11.40
16.00
26.80
20.90
37.70
38.20
20.20
39.00
31.50
12.60
35.40
37.50
40.20
36.40
41.80
42.60
43.70
40.00
33.00
13.00
38.00
36.60
12.90
39.10
28.10
44.80
26.80
19.60
22.30
40.70
24.30
19.90
44.50
37.40
27.30
41.20
14.60
20.20
22.40
35.50
31.00
32.80
25.60
22.40
17.90
34.30
10.80
22.60
23.00
21.10
19.80
21.00
41.90
34.90
36.50
44.80
40.30
16.40
21.00
33.40
17.70
28.60
40.10
38.90
40.50
26.00
24.90
26.00
42.40
37.90
39.00
23.40
11.60
18.80
29.40
27.10
35.90
33.10
40.50
28.70
44.20
29.70
43.50
14.80
17.60
15.40
42.70
39.40
22.30
32.10
15.10
27.00
41.60
29.20
34.60
13.10
11.70
21.50
13.10
10.00
27.80
13.20
26.00
38.20
22.50
13.70
31.20
11.90
29.20
44.50
28.70
44.00
17.70
12.60
13.00
28.20
18.80
12.50
37.80
23.40
33.40
21.20
44.80
27.70
26.20
24.50
16.30
14.80
26.30
29.20
15.00
44.40
28.40
37.30
23.30
41.30
39.30
28.40
22.00
15.60
44.40
29.60
37.70
12.60
10.60
12.70
39.00
41.70
30.00
20.30
26.00
34.80
25.40
27.50
28.30
28.90
42.30
32.20
32.80
20.30
30.10
33.20
35.60
22.30
15.70
39.90
10.90
40.10
41.40
43.40
22.50
32.30
23.30
24.30
23.30
40.40
24.20
22.20
41.80
13.50
37.60
33.70
30.30
25.10
44.80
40.50
29.90
19.10
26.50
37.20
34.70
12.60
20.00
15.60
13.20
17.20
32.40
34.10
45.00
20.80
23.60
33.20
32.80
25.10
18.00
20.90
21.10
25.70
17.90
24.60
29.40
13.70
42.90
32.70
41.50
42.80
41.30
36.40
12.40
30.00
22.20
10.20
10.90
41.10
40.30
19.40
32.90
20.20
27.10
11.80
43.00
44.00
43.40
30.60
23.70
27.00
20.10
19.90
37.30
34.80
12.30
37.40
33.80
40.80
29.20
40.30
33.70
25.70
33.10
43.30
13.30
41.80
12.00
20.40
13.10
28.40
39.80
44.50
23.00
33.20
26.00
44.80
38.70
10.90
34.70
21.80
22.70
27.10
25.10
33.30
22.00
28.20
10.80
41.20
35.60
37.50
13.70
18.60
28.90
11.90
32.70
19.40
26.50
32.40
30.10
36.10
11.10
44.90
43.40
10.30
36.30
14.70
39.70
12.60
36.60
26.60
37.70
21.20
32.80
16.40
14.80
22.10
10.50
24.70
37.40
37.70
42.00
23.50
22.40
34.00
30.20
21.60
10.40
30.10
35.40
11.10
38.60
23.30
25.50
19.30
16.80
25.70
30.70
14.40
37.50
40.30
14.00
15.00
40.00
32.00
22.90
18.70
11.30
38.80
24.40
12.20
17.80
27.20
14.30
23.30
26.00
42.70
30.80
26.20
26.00
11.10
44.40
16.70
22.80
21.40
19.10
14.10
39.60
28.90
30.90
39.90
10.10
37.10
36.20
13.70
17.00
32.70
37.60
35.70
18.50
20.10
13.40
44.00
44.80
24.70
37.70
24.20
13.00
36.50
27.50
29.30
22.20
41.50
23.60
19.50
24.10
19.00
36.60
32.60
39.30
19.10
11.10
38.50
15.40
24.80
13.60
20.90
27.10
16.50
14.30
27.50
11.40
18.90
37.80
34.90
12.30
32.40
35.90
25.40
33.60
19.80
35.50
26.10
30.30
33.20
43.60
20.20
25.20
38.70
24.60
12.80
31.70
34.40
41.70
13.10
21.90
27.60
40.50
29.20
15.50
21.30
19.40
42.80
43.20
20.40
22.20
34.40
23.70
28.30
27.50
38.70
24.90
21.60
27.80
25.90
25.00
13.50
39.90
29.30
10.30
26.30
17.50
12.60
10.90
12.70
26.20
44.10
27.50
44.60
19.10
38.40
13.20
36.10
10.60
12.40
22.80
34.30
22.90
20.00
30.40
37.20
42.00
36.90
12.30
12.90
41.50
42.80
24.60
17.90
25.00
14.80
35.00
33.20
40.60
17.70
41.90
33.70
14.20
23.00
17.90
32.20
19.30
33.40
25.90
22.10
33.10
14.90
13.40
29.50
28.90
35.50
15.90
13.30
36.40
11.80
44.80
26.90
31.20
16.30
44.50
38.80
44.00
23.00
44.70
13.20
20.10
33.10
17.70
42.50
43.30
10.10
13.10
26.60
21.90
18.70
31.20
38.90
35.00
14.80
10.90
41.40
33.80
16.70
39.60
33.60
28.60
19.90
32.80
34.30
17.60
11.00
23.70
18.90
16.20
23.30
40.90
43.10
35.50
40.40
11.00
23.30
35.40
13.80
42.40
29.50
30.60
11.00
43.80
40.10
22.20
43.00
40.20
14.60
22.30
19.20
16.00
27.00
42.50
29.60
41.40
43.00
32.00
43.00
35.70
20.80
43.00
15.70
12.60
29.40
41.30
25.10
13.80
22.00
30.90
10.90
18.40
35.20
29.50
15.00
32.50
33.30
31.60
38.40
29.60
30.40
24.10
44.00
26.10
40.00
22.00
14.80
27.80
21.00
42.60
24.90
22.10
29.70
39.40
38.50
12.80
37.60
31.00
10.30
10.50
34.70
29.50
32.40
13.90
24.90
26.70
23.00
27.70
11.30
29.90
42.80
19.10
34.20
13.20
33.30
17.00
36.00
18.10
19.70
42.40
19.10
23.80
18.50
12.30
44.20
32.10
31.90
42.10
35.60
37.80
30.60
14.30
30.00
13.40
22.10
27.60
35.10
31.80
43.20
29.60
23.90
36.90
26.90
25.50
23.10
19.30
25.00
17.20
13.10
43.00
39.70
31.10
39.60
33.90
18.00
30.10
25.10
20.30
45.00
22.60
42.00
22.80
14.20
24.50
21.10
33.50
18.80
39.50
11.90
32.30
28.90
32.90
14.50
29.40
15.70
42.70
28.00
15.10
13.80
19.50
22.80
40.60
30.10
29.10
12.90
44.80
35.10
23.70
14.90
24.70
27.20
18.60
38.50
38.60
31.80
14.70
17.20
38.90
26.00
44.40
42.90
13.30
23.50
31.20
13.30
23.90
17.40
15.80
22.90
10.40
11.90
19.80
12.80
14.60
38.80
13.60
15.70
40.40
38.80
24.90
23.70
19.70
37.80
12.90
18.60
30.50
24.30
24.00
43.40
20.90
38.30
34.00
25.70
10.00
26.50
27.60
18.20
41.70
19.30
14.70
10.80
34.90
23.40
34.20
10.50
20.00
26.20
31.40
31.70
29.60
33.10
36.20
33.80
44.10
44.00
44.40
15.00
10.60
41.70
16.70
23.80
10.60
36.30
34.00
10.10
14.80
12.50
26.80
41.20
44.10
19.10
39.20
13.00
39.50
33.90
26.50
13.20
10.00
25.50
29.60
41.20
23.60
13.40
33.00
36.20
21.90
35.20
10.10
37.60
20.90
25.20
36.70
36.40
13.20
44.70
22.00
21.00
13.30
13.30
39.50
21.30
38.60
30.90
37.30
42.90
29.60
14.00
29.80
27.50
19.20
29.90
43.40
15.80
41.90
20.70
33.30
39.00
26.10
35.70
23.30
19.00
37.50
37.40
10.70
18.40
33.40
43.80
44.10
17.10
28.20
34.10
45.00
10.50
42.70
10.50
17.60
31.00
24.20
20.20
35.40
35.70
15.00
17.90
33.80
44.60
36.40
11.90
44.00
29.00
13.90
10.40
10.10
23.00
38.60
10.40
44.60
24.00
27.30
25.40
32.50
11.40
18.60
43.70
22.80
39.70
17.90
33.00
45.00
42.80
24.20
15.30
19.80
29.90
35.40
13.90
44.40
31.10
27.00
27.00
34.60
25.20
18.20
20.80
40.00
42.70
36.20
13.60
18.00
19.90
22.80
30.50
14.50
11.30
14.80
24.20
20.40
15.00
10.90
29.20
38.00
43.20
36.10
28.10
13.30
19.50
44.90
27.20
34.60
24.10
42.70
28.80
16.60
41.30
25.20
27.50
40.20
35.60
33.80
43.70
26.20
13.50
26.90
26.50
15.60
34.50
30.70
33.30
30.20
27.80
33.90
16.60
44.40
43.80
25.00
34.30
14.00
13.70
32.10
18.00
15.90
26.50
13.00
21.60
22.10
29.80
27.60
34.80
35.40
18.30
24.90
22.50
44.00
26.50
44.40
13.40
14.70
21.50
44.90
17.20
32.80
32.20
40.40
37.80
25.00
39.60
37.20
23.20
13.20
25.60
30.70
28.90
16.00
44.40
18.00
40.50
39.60
31.00
31.10
34.00
26.80
28.10
35.30
21.40
34.20
39.20
22.60
43.50
44.50
15.50
13.70
30.40
18.70
32.00
24.70
39.10
11.70
40.20
31.20
28.40
44.40
18.30
21.50
30.00
20.50
15.50
29.60
14.20
35.20
34.90
27.90
18.50
38.10
18.70
18.10
18.20
32.10
18.60
33.00
42.50
19.50
20.00
12.10
45.00
23.40
29.10
19.10
33.30
10.80
29.00
32.20
30.20
44.30
42.50
26.50
10.60
14.70
34.40
25.90
11.70
38.80
18.70
15.00
36.90
32.20
43.00
40.20
39.90
39.60
42.00
21.60
38.40
27.20
27.70
32.20
42.90
39.40
24.00
38.40
18.80
36.70
26.00
38.10
25.30
35.70
25.30
31.40
43.90
33.40
38.30
41.50
17.60
29.50
10.20
21.20
28.60
26.30
28.30
29.00
14.40
14.40
24.80
10.80
19.00
16.20
15.10
17.30
18.30
33.30
33.60
19.00
10.00
22.40
15.20
25.00
19.20
37.30
21.40
37.80
18.50
10.20
10.90
25.20
30.00
29.70
38.80
42.60
18.20
39.90
24.70
19.80
37.50
37.40
17.10
36.20
23.70
18.20
13.20
31.00
38.20
23.20
22.50
44.20
44.60
27.00
44.40
26.20
39.80
28.00
30.30
33.80
32.90
37.20
43.50
23.30
25.80
17.20
30.70
23.60
16.80
44.90
32.90
42.40
33.10
14.40
12.20
34.00
17.50
27.00
28.00
24.00
16.30
25.10
32.00
24.60
38.10
21.30
35.70
42.70
39.00
30.30
22.50
27.80
33.90
12.90
20.70
39.90
33.90
27.40
19.10
36.10
36.00
18.60
23.00
21.10
40.30
10.80
26.90
36.40
20.40
25.10
38.60
24.50
44.60
22.60
18.60
23.90
16.60
14.10
11.00
37.80
37.60
34.80
34.30
40.00
25.70
44.20
42.20
12.50
21.60
30.80
18.40
44.40
25.10
24.40
24.60
22.90
25.40
35.30
17.70
39.60
18.70
24.50
38.40
40.70
44.80
44.70
42.20
39.50
43.50
11.20
28.00
22.80
24.00
32.50
17.80
21.00
25.50
32.10
42.20
10.80
30.60
20.20
18.60
42.50
13.50
44.10
43.40
14.80
22.00
22.30
12.10
19.50
34.70
18.80
23.50
12.40
33.90
29.60
31.00
25.80
28.60
34.10
41.00
43.10
38.80
44.70
11.30
18.00
33.40
15.40
16.40
23.90
13.70
44.40
28.20
45.00
36.80
13.60
36.00
38.20
16.20
14.20
35.40
38.30
41.20
18.00
28.30
39.90
45.00
35.20
17.00
43.60
34.00
31.20
34.90
10.30
38.50
29.40
32.10
33.90
32.10
31.40
33.10
30.90
43.20
30.10
13.40
32.30
32.40
42.70
40.20
16.50
33.00
20.90
21.40
11.30
24.50
34.90
42.90
33.20
26.60
33.50
24.60
23.30
32.70
36.00
40.60
42.20
39.00
41.60
36.30
39.90
30.30
22.90
44.20
20.40
19.90
35.50
31.20
36.60
35.20
39.20
37.60
34.80
36.00
18.80
36.30
29.30
38.30
18.90
44.40
22.10
14.50
29.20
27.20
23.80
44.00
44.60
23.70
37.50
38.10
42.50
43.30
41.20
21.00
20.60
15.20
42.40
11.40
11.20
10.10
17.90
25.20
13.10
32.40
34.30
45.00
10.80
19.80
15.00
43.50
20.40
14.30
39.50
29.30
23.80
12.30
12.60
18.00
35.20
16.50
41.30
15.10
10.10
24.30
27.80
33.20
30.30
23.40
18.30
11.50
42.90
25.10
44.30
32.70
11.50
29.60
20.10
35.00
42.40
32.80
20.70
19.80
10.30
31.30
14.90
37.50
30.40
22.30
42.10
17.60
20.70
21.60
39.20
20.10
36.30
16.00
13.00
21.60
25.40
13.50
26.50
33.10
28.50
18.40
34.00
29.40
41.60
31.00
14.20
38.50
37.30
23.50
36.60
13.70
12.70
22.20
42.20
18.70
12.90
14.60
34.40
18.60
22.90
15.10
42.60
25.70
10.60
17.00
22.80
35.50
24.10
16.20
44.00
21.50
20.30
41.30
32.90
44.60
40.00
36.70
39.10
15.10
30.10
35.50
19.10
41.30
43.80
14.90
24.80
12.80
31.90
24.20
22.20
35.90
32.50
10.80
37.20
35.10
19.20
33.00
35.60
34.40
27.50
30.80
43.20
40.70
36.80
30.80
29.50
15.70
39.30
26.10
25.00
39.40
24.50
37.60
39.40
12.50
35.60
24.00
34.90
20.00
22.20
11.90
43.80
15.80
37.10
44.30
39.30
12.80
12.30
25.70
24.90
30.40
17.00
37.40
27.90
28.00
16.20
41.30
36.30
16.50
35.10
26.10
19.30
12.70
35.40
26.30
19.80
18.50
32.60
10.20
12.60
26.10
19.60
21.50
42.00
18.70
27.50
33.60
21.00
25.70
14.20
38.50
35.10
19.60
39.80
35.70
20.80
21.70
42.30
21.90
23.90
19.90
32.60
26.40
14.90
11.40
21.10
44.90
16.90
37.80
18.40
43.80
11.40
26.60
32.90
13.70
23.20
20.20
25.40
41.70
30.30
38.10
41.10
37.10
23.60
13.00
15.60
37.70
11.80
11.30
16.30
26.90
16.80
24.10
17.80
35.70
34.30
17.30
23.90
43.10
14.60
44.80
12.70
12.00
28.60
16.00
11.10
36.10
37.70
31.10
31.20
28.10
37.20
30.10
43.80
37.20
22.60
25.40
22.60
25.30
27.00
37.40
43.80
11.30
16.20
40.40
40.80
17.90
27.40
42.50
29.70
22.70
11.40
35.20
31.40
38.10
43.10
28.90
33.10
10.90
17.40
13.40
20.60
34.80
28.20
10.30
32.70
17.20
26.20
17.00
15.30
43.30
24.60
44.10
35.20
11.50
12.90
36.20
38.20
38.80
25.40
10.80
36.10
26.40
33.60
19.30
31.00
20.90
40.60
13.30
30.40
44.30
13.10
31.70
36.90
36.00
15.00
44.70
23.80
21.80
12.80
20.50
39.40
36.80
16.90
35.10
43.10
33.90
34.30
10.10
10.90
10.90
31.40
33.20
21.50
21.70
29.70
11.10
20.60
18.80
14.80
19.40
30.00
38.60
36.90
23.00
13.20
43.90
20.50
15.40
27.80
36.10
41.90
44.90
26.40
24.00
24.00
32.70
17.60
34.80
30.00
16.00
34.10
42.10
19.70
19.30
42.00
29.10
40.50
24.20
35.80
19.80
24.30
16.90
10.30
39.60
28.90
15.00
26.70
34.10
36.00
41.70
22.00
39.60
22.60
40.60
29.70
39.80
34.90
33.00
28.60
37.30
41.90
35.00
37.60
22.60
15.30
24.50
27.70
23.70
25.80
17.40
38.80
40.10
12.40
32.20
23.80
13.20
10.20
13.20
27.40
43.00
16.80
41.20
16.90
30.20
35.30
22.50
41.10
20.90
18.10
14.50
44.40
28.40
21.40
41.70
32.00
23.40
39.00
13.60
11.50
20.60
34.70
38.30
15.70
34.10
25.90
43.20
37.30
28.30
27.20
37.30
27.50
16.30
24.40
18.70
31.20
35.30
21.50
28.10
32.20
13.60
12.10
38.80
19.10
26.10
41.50
42.60
21.10
17.70
15.80
44.60
14.40
22.60
41.80
41.00
25.50
31.40
21.90
12.10
32.10
44.70
17.90
19.90
45.00
28.20
16.60
35.00
11.00
13.70
13.30
14.00
19.50
19.30
22.90
21.00
29.00
18.30
20.10
21.00
24.80
37.20
37.60
24.30
17.90
10.10
28.60
33.10
29.50
26.60
25.50
38.40
22.70
43.40
18.20
41.80
19.80
13.60
44.40
41.50
14.40
44.00
27.30
15.50
10.80
23.00
15.50
25.50
11.80
17.00
35.90
16.90
23.90
34.30
29.60
14.50
15.90
22.20
14.20
30.00
17.00
41.50
12.90
15.50
30.20
23.10
33.70
20.40
37.00
30.30
23.00
34.20
21.20
30.80
18.70
25.90
17.10
25.70
23.00
43.00
24.70
36.40
38.00
19.10
15.60
31.90
28.80
12.30
11.80
43.60
11.00
13.20
31.00
30.50
26.90
28.90
34.70
20.10
17.00
30.70
26.50
28.70
41.30
16.50
38.10
25.90
30.80
21.70
40.40
17.40
16.50
34.40
28.50
38.70
33.80
32.30
31.00
36.30
19.50
34.20
39.30
16.20
11.50
27.40
17.60
43.60
25.10
32.40
23.80
43.60
10.80
43.20
36.10
26.40
42.60
36.30
21.90
39.70
33.10
28.60
32.40
40.30
12.90
13.70
32.70
25.00
10.20
41.60
22.90
32.40
40.10
11.30
41.50
26.10
25.20
41.00
39.00
18.00
14.40
16.60
35.00
15.80
41.80
41.10
25.10
11.90
27.40
13.20
10.10
14.70
18.60
17.80
22.50
14.60
34.80
13.90
31.20
32.40
36.20
13.20
39.00
44.90
41.00
22.70
27.40
30.90
42.90
24.10
18.20
20.50
34.50
31.90
30.80
41.50
18.80
34.50
27.40
17.80
27.10
31.20
31.70
36.50
25.80
18.70
30.80
42.40
36.50
32.80
43.00
35.10
39.60
44.50
17.10
13.10
12.30
32.80
39.30
15.60
31.90
35.60
34.50
25.10
34.70
35.50
30.90
21.60
24.90
12.90
14.50
26.40
15.90
27.00
38.90
22.50
32.70
12.20
31.70
12.70
41.00
42.80
41.20
44.10
33.20
16.20
13.70
14.70
30.30
16.30
27.30
10.00
41.10
11.50
39.50
20.40
15.50
23.70
34.20
13.70
26.10
39.90
29.80
41.80
34.90
29.40
14.90
32.30
24.50
12.10
10.30
19.10
17.80
26.70
37.60
41.10
29.90
39.70
26.90
36.40
35.50
13.20
18.00
25.10
24.40
28.10
18.90
15.70
21.70
19.10
31.90
41.20
23.30
26.70
28.40
25.00
34.00
17.40
14.60
15.30
21.20
15.00
41.30
34.20
18.10
43.30
44.30
14.00
42.90
41.50
32.60
23.70
33.60
16.60
15.80
24.50
35.90
43.60
37.40
44.40
36.00
23.80
34.70
24.30
22.80
19.40
12.80
11.20
39.30
42.80
24.70
20.40
43.80
41.90
29.00
30.60
18.20
18.80
32.40
26.30
24.30
11.60
12.10
31.70
28.50
38.30
25.10
40.30
42.50
44.40
24.20
25.20
22.80
24.70
40.80
33.10
37.30
28.50
29.40
32.60
24.20
42.00
41.50
28.10
33.20
31.50
12.90
41.30
10.90
25.10
21.00
43.40
34.70
35.50
20.80
40.90
18.10
15.30
45.00
31.90
34.50
31.20
30.30
25.50
24.10
17.70
37.70
35.80
27.50
32.50
37.00
22.30
28.50
42.80
21.60
38.20
13.70
33.70
31.50
10.30
43.00
34.20
35.90
14.80
25.60
19.90
38.90
22.00
31.20
10.00
29.60
15.20
16.10
31.60
18.70
13.40
11.80
32.70
18.00
17.00
28.60
35.80
27.40
39.20
15.30
13.10
15.20
14.20
31.40
31.20
28.90
29.00
16.10
16.20
39.10
28.60
41.20
15.10
32.50
37.80
12.30
10.90
39.40
12.30
18.20
38.00
34.30
41.70
16.80
14.70
22.10
31.40
31.80
12.20
19.30
20.60
37.40
19.00
13.90
12.10
25.80
29.70
44.50
17.00
23.10
40.40
29.60
16.30
34.90
30.90
25.50
41.40
16.70
10.00
32.90
27.10
37.70
28.00
24.40
29.40
18.50
33.50
21.70
11.00
29.20
44.50
18.00
18.90
22.60
38.90
19.60
24.30
15.90
39.90
43.60
26.30
35.60
21.20
19.90
39.70
39.10
43.90
43.40
10.00
22.00
14.40
27.90
17.00
41.40
19.60
43.70
14.30
33.80
13.50
16.90
12.40
22.50
43.10
35.30
20.00
37.90
35.00
17.40
14.00
39.70
31.90
26.10
22.90
43.50
15.00
29.80
15.60
39.40
26.20
21.10
26.30
16.00
23.20
13.70
18.20
35.80
15.50
40.30
21.90
43.90
40.10
32.70
41.60
35.10
43.40
22.30
20.60
19.40
30.20
12.20
39.40
10.90
13.10
40.30
18.30
31.30
28.90
13.90
18.10
24.40
20.60
24.70
44.90
35.50
38.90
13.50
35.80
41.00
30.30
33.90
44.40
33.20
40.40
21.90
11.60
29.20
11.50
33.60
19.30
33.40
22.80
22.30
22.20
17.60
21.70
33.90
38.00
21.50
40.30
25.90
21.00
29.00
23.10
44.10
17.40
18.90
19.60
27.30
30.50
38.00
30.50
32.70
42.50
14.90
42.20
16.00
40.50
16.40
13.20
27.90
10.40
31.30
44.30
14.10
41.60
23.30
38.20
11.10
39.80
22.80
28.10
40.10
30.20
15.30
41.50
24.00
36.90
24.60
15.30
12.20
39.20
30.40
32.00
40.50
22.70
22.30
12.10
30.50
37.40
15.00
15.10
33.60
26.40
29.60
12.00
44.20
38.20
32.00
45.00
12.70
43.30
44.40
10.90
10.20
21.40
19.90
35.30
23.30
44.30
33.50
19.40
34.10
30.80
26.00
39.20
10.50
26.50
13.70
24.60
15.70
38.30
27.10
40.20
22.40
15.50
29.40
16.70
36.10
11.00
18.20
33.60
25.20
39.10
24.90
16.20
28.70
19.10
33.30
20.90
13.70
44.10
17.10
40.80
29.90
38.90
19.00
40.70
11.00
39.90
38.60
30.50
37.40
33.70
30.50
22.30
23.30
15.20
43.00
14.40
14.00
12.40
20.40
25.80
33.60
13.10
31.30
12.40
16.30
43.40
25.90
39.20
12.90
40.30
15.00
23.70
33.80
14.90
11.00
30.70
19.40
21.10
37.30
36.00
17.20
39.90
30.50
28.30
36.00
38.20
33.00
44.20
19.60
39.00
43.70
17.60
30.20
13.40
17.90
11.40
35.70
32.80
28.30
11.00
16.50
12.30
25.50
33.80
15.70
31.70
28.60
42.90
37.50
27.80
13.70
29.00
23.60
18.60
13.60
35.50
33.40
19.20
12.40
42.40
16.50
24.40
12.80
39.00
13.20
20.10
24.80
15.50
28.00
32.00
43.20
31.80
26.50
36.20
34.00
17.50
44.40
44.10
40.80
44.20
34.70
43.80
34.00
34.90
27.80
19.50
38.30
22.10
34.10
31.80
12.60
10.80
10.70
20.50
44.20
16.00
35.90
35.30
25.80
43.40
18.30
36.30
30.20
40.10
36.70
16.50
36.50
43.60
30.70
42.60
30.90
39.60
18.10
29.40
24.10
40.70
42.40
13.20
15.90
32.90
33.30
27.00
38.90
24.40
33.20
42.60
33.60
31.50
19.80
23.40
14.00
44.70
44.10
23.50
31.60
27.30
14.10
27.20
21.40
42.00
39.90
39.10
38.80
41.90
34.90
13.50
35.20
36.90
36.30
23.70
21.00
31.10
11.60
36.60
37.70
36.30
43.20
29.20
33.20
19.80
37.30
27.20
19.00
30.30
37.60
19.30
14.20
34.40
38.60
21.70
26.00
28.80
20.10
21.40
25.20
16.20
34.00
30.00
24.40
21.50
37.20
10.60
15.70
36.50
35.40
44.00
30.20
27.80
17.70
10.40
35.40
19.50
26.80
11.10
42.40
25.60
41.50
38.00
27.40
20.30
32.50
16.90
29.90
28.10
27.50
35.10
11.60
30.90
35.60
37.30
32.20
36.40
29.60
22.40
27.90
22.10
41.60
38.90
24.50
19.30
16.20
38.20
44.80
30.60
10.80
36.30
31.60
26.10
10.20
22.60
42.40
28.80
43.60
38.60
39.40
36.10
32.40
15.80
15.80
10.20
40.00
31.90
39.90
41.70
30.10
41.90
29.40
25.10
35.30
23.20
29.00
13.80
28.60
23.80
44.40
42.40
37.30
27.50
21.50
45.00
36.20
11.20
43.30
30.10
42.00
22.00
26.30
43.50
41.40
18.00
20.50
17.30
16.30
42.70
23.60
35.90
12.50
20.50
26.10
23.90
24.10
39.60
24.50
25.70
30.10
41.80
27.70
36.40
12.60
39.10
16.10
27.50
28.30
38.70
38.40
15.00
27.20
44.70
33.30
34.30
12.50
35.50
32.50
15.50
26.00
21.20
40.30
31.50
33.50
30.90
16.10
11.90
19.60
40.60
43.30
38.70
35.60
13.80
25.50
19.20
44.90
31.30
42.90
35.90
25.80
32.20
44.60
34.10
36.70
22.40
18.20
39.40
20.30
23.50
12.90
13.40
33.50
35.10
39.40
38.40
27.70
27.00
14.80
44.80
22.50
39.30
13.40
34.50
29.70
34.30
41.10
29.50
32.20
31.40
10.10
19.90
33.30
27.10
22.00
10.70
38.30
13.30
10.80
43.60
24.50
28.00
22.30
15.80
27.40
22.00
16.90
24.80
14.80
37.70
17.50
32.80
29.60
12.60
11.60
37.50
24.10
32.70
13.80
44.70
30.20
40.00
44.90
34.80
42.10
20.10
15.90
26.40
36.80
22.90
31.10
36.20
10.90
16.70
25.10
33.80
41.00
37.40
24.40
20.60
15.40
42.40
19.50
15.80
42.00
29.60
18.00
41.50
32.90
37.60
21.10
26.40
23.60
10.60
14.00
41.10
10.30
34.20
14.40
42.60
22.80
35.90
32.30
43.90
15.50
36.90
17.70
19.30
40.60
15.90
31.40
34.40
27.50
12.40
13.70
29.10
14.80
25.00
38.30
42.30
16.70
42.10
22.50
27.30
40.60
14.50
24.60
36.20
27.20
11.70
36.70
24.80
27.10
30.60
10.40
29.90
44.00
18.60
25.10
13.50
14.40
17.20
16.10
16.20
23.10
27.80
41.30
39.20
25.30
36.80
29.20
29.70
17.80
14.90
15.60
44.60
21.40
31.60
31.90
43.00
35.00
15.60
31.00
41.50
32.00
15.90
30.30
15.80
13.80
36.40
27.70
40.70
36.20
42.40
22.10
38.70
34.40
37.60
37.30
39.90
16.20
28.90
21.20
24.20
44.20
30.50
18.90
26.60
38.50
28.40
28.10
29.10
33.00
18.50
38.60
37.30
30.60
23.40
30.20
28.40
20.80
38.80
30.90
33.60
18.80
39.10
10.10
37.00
15.30
41.60
23.10
27.10
22.80
28.60
23.20
43.30
25.50
42.60
26.20
15.40
26.50
30.80
40.60
38.50
16.20
39.40
35.30
44.40
10.30
40.00
10.00
40.20
10.40
32.40
22.30
37.00
24.80
32.60
22.90
39.10
33.70
38.20
11.20
14.40
21.00
30.20
31.30
17.10
13.90
43.30
29.60
27.60
10.30
23.70
41.40
18.90
32.90
37.00
40.70
18.80
41.60
17.00
26.70
22.10
25.40
24.00
35.50
17.80
40.70
40.70
31.20
26.00
35.10
10.80
13.00
30.00
25.90
14.60
39.20
29.90
44.70
31.20
35.10
37.40
37.20
17.70
32.90
17.50
18.90
43.70
10.20
36.60
16.90
11.60
40.90
14.10
43.90
44.80
43.90
41.50
26.10
23.30
41.40
31.60
18.20
30.10
16.30
44.70
26.30
20.10
24.10
14.90
40.60
35.60
15.50
27.20
24.30
43.90
42.20
16.60
36.30
37.00
41.90
22.30
34.00
12.20
17.30
13.10
42.80
25.50
14.60
23.90
23.80
42.60
37.10
11.40
13.60
16.20
39.60
32.10
38.60
15.50
34.70
44.40
35.20
31.80
43.80
14.50
18.70
29.60
22.30
18.60
38.30
14.30
42.70
38.30
32.50
44.20
23.00
32.20
15.70
41.30
34.10
40.20
30.30
28.20
26.00
24.50
34.20
31.30
13.50
42.20
24.90
44.60
15.20
32.50
36.90
26.00
27.50
24.40
24.70
36.80
24.80
33.40
19.50
25.00
37.40
20.20
17.60
42.30
32.00
19.40
28.10
11.00
33.00
43.60
37.60
43.50
10.20
37.30
36.00
20.60
14.10
39.50
23.00
41.30
21.80
32.70
25.70
42.30
32.40
12.00
36.20
43.00
28.30
33.60
31.70
17.90
33.50
10.90
34.90
18.30
19.60
29.90
27.80
37.10
34.10
40.40
16.60
35.20
25.30
11.30
38.00
23.60
16.70
33.70
41.30
16.50
44.60
20.00
32.60
43.20
32.10
44.10
43.30
42.50
30.80
14.60
20.70
28.40
36.00
36.50
43.20
21.40
37.30
24.60
37.60
27.90
30.40
21.30
12.10
40.90
19.30
43.60
35.90
36.00
38.40
26.40
34.70
20.90
44.00
25.50
35.20
32.50
39.80
35.90
18.00
11.40
38.90
13.80
10.40
10.90
43.60
31.10
43.30
43.10
31.80
34.80
39.40
42.30
40.20
20.00
10.10
15.00
29.10
10.70
29.70
11.00
22.30
17.40
17.10
33.50
17.90
36.70
44.70
25.40
20.20
26.10
23.60
32.20
19.60
44.40
37.40
43.60
31.90
42.50
12.60
39.50
31.10
30.80
28.20
34.80
28.70
39.50
41.40
35.70
25.40
40.70
12.30
19.40
17.40
33.80
42.20
25.70
19.70
21.20
14.30
24.50
26.50
34.40
39.30
38.70
39.80
11.80
28.90
34.70
26.30
13.50
13.60
39.90
12.80
18.10
29.30
34.20
28.60
29.30
36.60
39.70
38.90
30.70
23.40
13.70
13.30
10.00
44.30
20.70
19.00
38.10
43.20
13.20
42.10
35.80
42.00
24.00
18.70
41.10
10.60
30.50
41.60
29.50
27.70
38.50
39.90
39.40
40.30
36.90
15.80
25.90
27.80
44.30
21.70
32.00
32.50
10.00
36.60
29.80
17.70
12.60
12.00
15.70
35.80
44.30
20.00
32.20
26.10
13.50
29.40
38.40
38.90
28.70
15.40
29.50
37.00
41.30
35.90
19.90
39.80
10.90
41.80
31.00
42.10
44.30
44.40
14.40
24.90
27.00
28.30
10.70
12.00
16.10
29.50
44.40
22.20
14.60
22.90
43.20
42.50
10.80
36.10
41.50
14.00
14.90
33.60
23.60
12.80
18.40
15.90
29.90
26.80
15.70
38.60
13.00
29.90
24.60
16.30
30.30
21.40
44.00
44.20
27.00
39.20
14.50
21.10
44.70
13.50
12.80
33.50
44.40
42.60
17.20
16.60
21.00
39.90
20.90
44.10
18.40
43.50
33.90
37.00
37.80
17.50
29.60
29.70
14.40
15.70
16.20
21.90
39.20
37.30
16.40
43.20
29.80
21.30
14.80
30.00
17.50
26.00
35.70
39.20
31.90
40.00
13.90
27.20
14.90
24.60
16.00
31.20
29.80
23.90
25.40
33.10
32.80
40.70
37.70
24.90
42.50
25.70
30.60
36.00
20.30
34.80
10.10
27.50
11.90
17.00
34.30
21.60
29.40
24.70
44.60
22.90
34.40
33.60
36.70
30.60
41.20
24.30
31.30
31.90
23.30
41.40
17.20
16.70
38.00
41.10
16.40
44.40
31.90
27.80
12.80
34.40
35.80
19.60
36.50
10.20
10.70
39.20
26.70
10.20
40.30
22.60
42.40
31.20
25.70
15.70
34.50
19.70
16.60
21.20
18.80
23.70
28.90
28.80
38.90
22.00
32.30
32.60
37.20
23.50
12.10
13.30
38.30
31.70
34.30
23.70
44.00
42.60
33.80
22.40
23.20
36.60
11.30
10.00
38.50
43.20
11.80
25.80
27.90
15.70
20.80
24.10
39.10
12.70
10.10
11.80
10.00
44.00
12.90
25.30
32.20
23.90
39.80
20.40
31.30
19.90
34.80
39.00
33.90
17.80
41.10
41.00
15.70
30.90
20.70
25.70
33.40
18.10
40.30
25.90
43.10
18.70
44.20
13.50
41.80
42.80
23.40
27.80
16.20
27.70
32.20
37.70
23.90
14.00
32.20
12.80
11.20
17.30
42.30
17.80
14.40
36.50
14.00
15.20
37.50
42.60
11.10
12.80
36.00
44.00
39.70
36.60
29.80
11.70
36.50
43.80
41.80
31.50
35.00
19.60
20.00
30.30
30.60
11.10
26.90
38.30
22.80
19.40
23.10
20.00
18.50
29.30
33.40
30.00
38.30
42.50
36.60
39.80
20.60
15.60
33.50
25.10
36.30
11.20
31.80
17.10
25.20
10.70
25.40
28.70
25.50
23.20
14.20
32.20
23.50
32.10
19.80
15.90
14.20
39.20
15.00
28.50
24.70
14.60
26.40
14.70
10.20
19.50
19.70
33.20
43.00
25.70
31.20
38.20
38.60
38.60
11.70
20.40
39.20
18.20
41.00
28.50
20.00
10.50
36.20
14.10
41.30
26.80
29.40
10.00
25.20
14.10
21.50
25.30
22.80
32.80
37.30
27.50
20.00
18.80
11.60
40.30
34.60
25.00
23.60
42.20
10.90
