14.50
30.60
23.60
14.50
41.80
27.20
11.70
39.90
18.10
27.80
18.10
16.40
19.30
41.50
27.20
32.60
24.10
23.50
28.60
32.60
11.10
33.50
26.80
14.90
14.70
42.70
33.20
21.90
35.90
23.10
19.70
38.20
26.30
12.10
37.50
29.00
12.40
34.50
26.70
29.10
40.70
10.60
43.00
15.00
33.60
32.10
40.00
12.10
14.40
41.60
43.30
45.00
30.80
34.50
10.30
25.10
16.00
12.10
10.50
17.30
11.20
16.30
29.60
44.40
23.10
28.60
13.90
30.00
38.50
11.50
40.20
20.70
13.60
12.30
30.00
41.70
20.40
37.60
23.50
42.20
20.80
43.60
19.50
17.00
11.80
27.50
26.00
13.50
10.00
38.50
21.90
26.70
27.70
17.90
21.80
30.80
37.50
20.00
21.30
23.60
36.60
43.80
12.90
29.20
24.50
14.10
20.00
33.40
38.60
23.20
36.10
31.60
14.30
32.10
21.90
32.50
19.80
15.00
27.70
33.60
18.80
22.80
12.90
33.10
35.90
19.90
11.90
32.10
39.30
12.90
27.00
38.80
31.80
21.50
17.70
23.50
11.70
33.00
21.50
39.80
42.80
14.10
21.90
14.50
17.60
13.10
16.00
44.70
29.00
27.50
11.60
18.20
22.40
27.40
35.10
37.30
26.30
17.20
36.40
13.20
29.60
24.40
18.70
33.70
43.20
20.00
39.10
43.50
17.00
19.80
20.20
28.20
36.30
11.60
40.90
41.40
27.80
27.20
25.20
11.10
22.70
12.70
24.20
43.40
13.00
26.00
32.50
24.00
30.80
18.40
18.60
40.90
40.50
34.70
35.70
26.80
31.30
37.20
38.70
30.50
28.00
32.10
14.60
38.70
41.60
43.90
44.40
23.80
29.20
39.80
27.90
12.80
10.40
41.50
15.50
17.40
31.40
41.00
14.20
11.10
41.40
13.10
22.30
30.50
23.40
43.50
43.30
10.80
38.90
41.70
26.90
44.20
22.00
16.90
30.90
33.70
41.00
19.10
36.20
25.70
27.50
34.20
12.10
12.30
31.50
27.70
17.70
16.20
38.20
36.40
44.30
40.00
35.30
32.00
28.90
29.30
40.00
13.60
15.20
20.50
25.70
40.30
43.80
33.80
28.40
35.70
26.40
32.60
44.70
16.70
11.90
17.70
19.60
19.50
10.10
41.60
37.80
22.80
35.80
11.60
28.80
40.10
12.00
44.00
19.80
37.30
34.20
44.00
32.00
32.40
22.40
43.60
41.40
11.20
15.70
44.40
41.90
42.40
26.10
28.30
11.30
14.10
26.40
29.30
11.70
20.60
29.90
11.20
27.90
23.60
44.90
30.10
38.10
13.00
27.50
31.60
19.70
23.30
21.20
30.60
30.90
37.50
37.90
34.30
11.70
28.50
14.10
20.00
41.80
15.00
39.90
29.70
40.20
32.20
29.70
23.30
31.00
25.00
12.80
39.90
15.70
35.40
17.50
18.60
16.60
31.50
12.10
39.00
22.10
12.90
19.20
10.70
37.90
37.30
26.30
14.00
33.50
35.80
14.70
14.40
44.60
34.90
43.90
30.50
40.70
22.80
18.60
21.80
20.20
44.90
41.60
43.40
10.40
21.20
34.70
15.50
31.20
33.90
30.80
40.70
41.70
19.80
37.20
25.30
24.40
25.80
18.40
10.80
28.10
35.30
30.80
22.30
13.30
22.10
40.90
20.10
34.00
20.50
42.20
38.50
43.60
35.50
21.60
20.30
10.20
20.80
11.50
41.20
12.40
16.00
23.90
23.70
33.60
25.80
17.40
38.40
43.40
11.30
10.60
37.60
43.30
10.40
24.30
30.40
43.30
10.90
34.80
21.30
31.40
41.30
40.10
27.60
10.10
21.10
33.30
39.00
37.20
19.20
44.50
23.10
15.50
24.30
27.10
27.90
29.00
41.80
45.00
30.80
36.00
32.20
33.60
39.90
27.60
13.20
36.20
28.50
39.70
41.70
40.40
23.50
26.50
24.90
38.50
39.10
35.40
37.20
26.80
24.80
35.00
16.80
24.80
35.10
13.30
33.10
15.40
34.90
26.30
41.30
24.70
20.90
42.90
34.90
15.40
44.30
23.50
43.90
11.40
16.30
18.30
39.10
22.60
25.80
33.40
32.40
40.60
21.80
19.80
32.40
22.60
17.30
36.90
44.30
25.60
37.20
16.20
18.40
17.60
22.10
39.20
12.80
37.00
10.00
27.30
23.80
43.90
22.00
24.20
34.30
39.30
11.50
37.90
12.50
28.30
43.30
14.80
12.60
28.50
39.90
33.40
25.40
30.00
26.50
26.30
44.40
10.50
22.30
24.30
27.80
34.00
38.30
18.30
43.40
38.60
18.80
31.10
16.20
27.30
43.00
39.70
24.50
42.80
32.50
38.80
29.60
17.30
13.20
40.60
21.60
42.20
13.40
27.20
20.70
33.80
44.80
28.70
13.30
20.80
41.10
39.30
42.80
15.50
27.00
22.60
36.50
22.60
24.30
11.30
16.50
39.60
39.30
16.70
23.60
18.00
35.90
37.80
32.60
18.70
17.20
37.10
16.50
20.10
44.40
34.40
22.50
44.20
11.60
18.80
29.70
26.80
14.40
23.50
15.80
41.80
15.90
28.70
44.40
21.80
12.70
39.90
22.30
21.60
10.00
36.90
12.50
30.80
28.60
36.60
11.80
29.60
44.20
14.10
21.80
35.90
42.50
44.50
22.60
14.70
14.30
13.40
17.60
20.10
31.20
34.40
10.90
44.10
44.90
36.10
24.40
42.90
27.30
19.30
22.70
40.00
18.90
23.90
26.90
32.30
13.20
43.90
30.10
36.30
42.30
29.50
29.10
39.60
39.20
39.80
28.70
12.00
19.10
17.30
18.30
21.70
19.30
43.00
35.60
34.80
44.50
31.10
13.50
43.80
14.00
21.20
12.40
28.80
25.90
24.10
36.50
32.00
21.40
45.00
43.10
24.40
28.60
23.40
10.90
27.20
13.60
29.80
26.60
29.60
16.60
21.50
20.20
20.30
38.80
23.00
34.20
32.80
34.10
42.20
39.20
41.70
41.00
19.60
39.10
18.30
33.20
26.00
11.00
14.00
11.30
43.90
27.80
36.40
28.20
35.90
25.60
19.50
17.40
22.80
16.90
15.60
15.30
41.90
18.50
12.50
39.70
10.50
31.80
21.00
21.20
17.50
21.00
19.90
45.00
44.80
34.30
17.00
32.70
15.40
22.90
14.40
28.40
20.50
33.40
41.30
32.50
34.30
32.40
39.90
18.50
20.30
32.00
42.20
22.50
40.00
15.20
19.50
39.80
19.50
29.60
37.50
36.30
38.20
19.80
43.40
41.60
19.50
35.30
33.50
41.50
36.90
20.90
15.20
44.90
31.90
41.80
39.60
20.10
10.00
22.50
25.80
22.10
40.10
37.30
15.10
31.00
11.60
20.00
17.50
10.40
35.70
43.20
33.10
31.50
12.90
37.90
11.60
43.80
26.70
11.70
43.50
10.00
22.60
24.50
27.00
44.00
37.90
18.10
42.50
17.90
25.40
16.40
21.30
21.10
16.90
37.10
22.90
36.30
34.00
11.80
40.70
22.60
18.90
45.00
16.00
16.20
11.20
26.40
24.50
24.80
32.50
18.80
44.60
13.70
37.40
38.50
34.30
22.70
23.70
36.30
33.90
22.80
15.00
12.30
13.40
28.90
33.70
26.20
24.90
43.70
12.50
18.40
37.60
13.40
16.70
12.70
23.80
31.60
33.40
14.20
14.60
16.50
11.80
13.70
16.10
27.00
18.10
29.50
32.80
16.20
18.90
17.90
34.80
28.20
17.40
39.70
14.40
42.90
40.50
13.50
15.20
43.70
38.50
11.60
15.30
25.30
42.80
35.70
14.90
32.00
17.70
39.80
29.70
25.10
10.10
14.70
25.90
12.70
15.50
43.60
36.90
20.00
12.90
15.20
40.00
37.00
16.20
43.40
12.00
32.20
23.20
21.80
23.80
21.70
20.30
25.90
26.10
32.30
17.10
43.70
26.90
12.40
44.40
34.90
41.60
26.80
21.00
44.40
34.30
43.80
14.50
20.30
37.10
40.60
37.30
17.90
27.50
42.30
42.10
23.70
26.80
39.00
37.70
27.30
42.90
11.30
22.20
30.30
21.80
41.70
21.90
32.00
14.70
14.50
30.70
26.80
10.70
21.90
28.60
31.40
13.20
40.70
14.80
42.80
44.10
23.70
39.80
21.10
19.20
28.10
14.00
27.50
34.80
32.60
31.00
12.40
41.70
41.10
14.50
15.60
18.60
34.60
37.80
32.70
27.40
26.10
20.30
11.40
24.20
20.90
21.20
28.70
34.80
37.60
42.40
34.70
25.10
25.00
32.70
26.70
24.00
41.20
34.10
28.30
28.10
42.10
43.40
26.70
25.50
29.30
33.90
33.60
20.20
30.30
28.20
22.80
40.10
25.90
12.70
28.30
23.10
31.10
41.90
23.70
13.20
21.50
25.60
32.40
38.70
16.20
20.00
13.50
21.00
17.60
28.80
20.10
42.20
34.30
24.90
19.30
23.20
41.10
21.00
28.90
23.50
16.80
14.50
28.00
30.70
42.00
40.80
44.90
35.00
21.10
15.00
43.90
39.40
23.30
14.20
36.90
36.10
16.30
16.10
43.80
17.90
44.50
31.30
39.80
20.90
41.30
36.60
18.20
41.90
21.40
43.00
41.50
33.90
25.30
42.70
28.50
44.20
35.10
13.50
41.60
24.90
17.30
29.00
34.40
14.70
24.80
25.00
27.10
22.80
26.40
37.20
30.40
33.00
39.30
15.20
40.50
35.00
17.00
27.10
35.60
32.90
32.60
11.00
10.10
21.20
43.80
26.40
39.80
41.60
42.70
26.00
16.60
40.70
40.10
13.80
31.20
28.40
38.80
28.90
16.70
13.20
14.10
10.60
15.70
44.40
41.60
26.80
20.10
22.50
34.00
23.40
24.10
22.20
29.30
41.40
15.70
10.20
36.40
16.50
26.00
29.50
40.80
37.60
31.10
28.90
10.80
36.90
13.90
13.80
27.10
44.40
36.60
19.60
27.00
21.70
42.50
28.30
23.00
28.80
23.40
40.90
21.10
15.70
12.90
32.90
11.40
43.60
21.80
25.10
33.10
38.60
13.40
32.70
33.60
14.00
42.80
40.10
21.60
34.10
21.30
16.40
14.80
16.00
13.90
26.90
15.70
29.80
25.40
26.40
12.90
25.90
12.70
16.30
36.90
30.80
10.70
40.60
16.80
28.70
32.10
19.50
23.20
28.00
19.70
17.70
25.00
43.70
16.20
25.50
20.50
42.50
14.60
22.10
35.50
27.20
16.60
30.70
38.70
34.10
10.00
28.30
26.40
35.60
13.50
28.60
10.30
17.20
13.70
43.70
32.10
25.10
18.90
20.40
19.80
30.40
43.50
39.70
24.80
43.10
19.00
27.50
42.30
37.20
15.80
34.00
42.20
13.00
11.90
15.70
39.30
33.20
33.10
42.90
43.80
32.70
27.90
37.00
10.70
42.40
13.50
25.50
38.90
24.30
28.50
28.70
26.80
38.70
20.40
18.00
15.80
33.70
10.80
30.70
35.90
39.30
30.30
41.30
12.80
22.20
22.00
39.10
32.60
18.00
35.00
22.50
26.30
41.00
42.10
26.50
39.70
15.90
22.50
10.60
33.10
15.20
19.00
27.30
40.30
24.70
28.40
29.40
10.40
17.30
18.70
31.20
10.10
14.20
19.40
22.20
19.40
17.50
33.10
17.60
22.80
22.40
29.60
30.80
12.70
31.20
35.30
19.80
21.80
35.20
24.50
16.20
12.20
36.20
44.80
24.20
18.10
36.10
23.90
32.00
44.00
33.20
14.30
14.70
31.80
38.50
36.40
16.40
23.20
23.70
42.40
26.10
33.80
23.40
16.00
42.80
31.80
32.10
11.00
32.70
19.50
23.70
37.10
11.00
19.60
30.00
42.10
40.70
17.50
31.60
27.30
38.00
37.60
17.00
17.30
24.10
35.10
23.20
17.30
12.80
16.40
18.10
36.70
20.80
36.80
17.90
20.10
30.10
29.30
15.00
21.60
21.40
34.30
33.70
16.60
40.40
26.60
33.50
27.20
33.50
26.10
14.10
37.50
42.50
24.50
25.40
19.50
25.50
24.60
29.20
41.90
27.00
12.80
16.10
41.60
35.70
23.80
21.30
44.90
18.60
35.90
31.90
41.00
24.00
26.00
19.80
28.30
11.40
32.50
32.10
42.60
26.70
19.80
40.10
18.80
28.00
44.10
26.60
34.50
28.80
14.10
42.80
16.00
38.00
13.90
23.60
40.20
32.70
13.20
26.20
26.90
19.50
39.70
36.10
25.60
43.40
12.50
15.00
28.00
38.30
29.00
43.80
45.00
10.10
31.20
42.60
23.80
21.60
13.00
32.30
14.40
26.60
25.00
39.80
13.50
33.70
15.10
44.80
10.20
24.20
11.10
30.00
12.00
13.30
27.50
21.10
12.40
16.90
27.50
11.90
29.90
18.20
21.90
35.50
17.80
33.10
12.40
12.10
12.60
12.40
23.50
20.70
32.10
12.10
45.00
29.50
17.70
17.60
40.30
26.80
41.30
34.40
38.40
40.20
28.50
18.40
21.60
22.60
34.40
36.80
42.40
13.50
15.20
19.10
14.30
13.20
41.10
22.40
39.30
18.00
17.30
37.20
13.10
14.80
36.60
29.00
33.90
37.40
32.90
37.40
29.80
31.10
17.00
19.00
17.40
37.50
41.90
40.30
13.70
39.80
19.50
34.10
41.30
23.10
32.40
26.00
41.60
33.90
24.70
26.20
37.20
22.10
43.40
37.60
37.10
44.60
31.00
13.50
40.50
10.00
16.30
42.90
42.10
37.80
33.80
38.90
30.40
19.80
23.00
41.80
13.70
27.80
41.90
28.20
38.90
17.10
43.10
36.70
34.70
19.40
29.00
40.00
28.40
22.30
35.40
41.60
23.70
25.30
14.70
31.00
40.30
16.70
42.00
17.50
20.30
38.40
17.00
18.50
14.90
17.40
30.20
39.00
42.90
24.90
20.70
22.90
35.50
31.60
33.10
22.20
12.70
35.90
14.70
23.00
28.60
25.80
29.30
37.30
38.00
34.10
19.10
34.60
29.50
11.60
27.40
41.90
16.10
14.40
26.80
42.20
19.30
27.60
31.10
27.00
33.10
30.50
36.30
28.70
22.50
25.70
29.20
45.00
31.40
30.40
26.00
16.60
36.20
10.70
17.50
33.70
31.20
42.20
43.90
17.70
17.90
12.70
30.70
34.30
14.40
34.80
25.30
20.60
26.40
39.50
33.60
25.10
44.80
42.40
41.00
39.30
11.50
10.50
44.60
27.00
32.80
43.80
31.10
38.00
16.90
36.70
15.30
30.20
25.90
22.40
34.70
26.90
43.40
41.60
43.30
41.90
11.80
12.00
10.30
40.90
23.80
34.40
15.50
37.20
12.50
20.50
13.60
25.00
13.20
28.00
35.20
33.70
42.10
17.20
18.10
19.40
16.10
29.80
32.70
23.50
10.00
33.90
37.40
27.80
11.90
10.10
11.90
30.80
38.80
19.40
16.50
17.10
19.90
27.20
22.50
19.10
42.30
28.20
31.90
39.60
26.80
26.90
12.20
18.00
15.00
36.60
21.20
15.30
26.70
28.90
44.90
27.50
19.40
27.90
37.10
31.90
30.50
25.40
30.30
14.00
42.00
18.50
22.10
20.80
34.60
22.00
18.20
26.00
30.30
41.70
43.90
17.30
22.10
24.50
36.00
12.50
35.60
19.30
25.50
25.80
22.60
40.80
43.80
10.90
39.30
33.10
34.10
31.90
18.90
36.50
17.10
14.70
17.70
31.30
31.70
38.70
25.30
33.30
33.70
22.30
13.00
27.20
44.50
39.60
17.30
33.00
42.30
14.50
31.20
13.30
27.20
14.90
16.30
35.60
21.80
25.10
27.10
38.70
19.40
21.40
18.50
28.10
22.50
24.30
14.50
37.70
43.90
20.50
40.00
10.90
17.00
28.80
31.10
36.40
36.70
29.20
33.30
24.70
12.60
44.50
16.70
13.90
24.00
21.30
13.80
17.10
24.70
24.50
38.30
39.20
22.40
16.40
33.20
42.90
26.20
13.90
38.10
19.40
15.00
40.70
10.60
33.30
23.20
40.40
37.10
15.60
18.30
18.50
17.20
24.50
13.00
34.60
25.10
16.10
31.00
40.50
37.00
33.80
44.40
31.00
23.60
41.10
22.40
38.70
38.10
44.80
23.20
36.60
32.70
29.90
12.80
25.00
34.10
41.80
41.70
30.60
24.20
40.90
36.60
26.30
16.80
16.80
41.10
37.50
27.10
44.10
20.80
17.10
25.20
19.00
12.10
18.10
44.30
35.50
15.40
23.40
24.40
29.20
27.60
35.30
36.00
21.70
22.90
34.00
42.30
24.00
24.90
29.40
29.20
22.20
42.50
35.10
22.50
42.20
32.30
20.10
11.70
37.70
26.20
21.60
38.50
36.60
19.80
33.70
13.00
32.60
17.40
35.00
37.50
42.40
11.00
39.80
19.40
34.80
23.60
35.50
20.90
41.00
36.40
32.60
15.60
34.30
38.00
35.60
43.00
40.00
14.70
31.00
32.30
20.90
10.80
22.30
26.20
37.00
30.70
12.90
44.70
44.60
32.00
34.70
43.70
35.00
23.00
28.10
32.30
39.10
36.50
29.10
26.90
12.30
29.50
17.60
14.70
19.30
33.90
20.70
40.00
38.90
15.70
19.70
11.60
35.30
34.50
25.50
26.40
38.70
32.20
43.80
26.20
22.60
43.30
23.50
30.60
17.80
42.00
19.20
12.70
10.30
18.10
19.50
22.20
18.30
14.90
21.60
15.90
30.40
30.00
13.00
40.20
27.10
29.40
27.90
35.80
16.70
36.70
44.30
11.90
44.50
44.20
11.00
17.80
37.70
12.30
17.90
17.30
10.10
31.40
33.30
17.90
32.60
11.00
33.30
11.70
14.10
20.10
20.30
38.70
22.90
39.80
20.50
15.50
42.10
35.50
18.20
18.80
21.00
34.20
30.40
35.00
10.40
16.00
39.20
44.90
26.50
19.30
25.20
16.30
42.80
29.30
36.30
19.90
18.90
19.90
11.30
11.90
38.90
12.10
24.70
23.80
18.10
32.30
21.80
23.50
30.00
32.80
12.20
27.00
32.10
27.60
25.10
33.30
42.50
11.60
29.20
27.90
24.10
35.50
33.60
43.90
41.20
15.20
19.80
29.30
10.10
42.00
34.90
12.90
42.60
10.10
40.40
32.10
23.20
44.30
27.70
17.60
25.10
43.00
13.20
12.50
24.00
40.60
33.50
22.70
28.20
11.30
34.40
41.20
28.60
15.20
42.70
22.70
37.60
20.20
39.10
16.50
43.50
14.80
15.60
14.50
38.20
37.20
25.10
23.40
21.70
15.30
21.10
36.20
19.50
44.20
23.00
21.30
33.60
31.00
32.10
15.30
31.30
43.50
22.40
38.90
18.00
29.40
15.30
37.30
38.20
19.60
25.40
31.50
10.50
35.20
44.40
29.50
44.90
12.80
34.20
34.60
36.30
37.30
33.60
20.40
32.30
17.30
31.00
15.50
28.10
33.00
12.60
37.40
28.10
16.90
23.10
37.20
26.40
18.50
38.90
15.20
27.00
24.90
30.90
40.40
12.90
27.80
28.60
43.10
19.30
40.30
31.40
44.20
14.80
32.80
30.60
26.20
43.40
44.30
24.90
20.90
35.00
16.80
30.00
11.80
41.80
31.10
30.80
23.60
44.90
18.10
26.70
42.30
14.50
15.40
25.70
36.90
17.90
22.40
45.00
28.10
34.30
30.70
24.50
31.80
37.10
32.10
23.30
26.40
29.40
17.70
28.10
23.50
33.80
42.60
36.40
42.90
28.30
40.90
37.80
39.00
29.60
37.10
26.70
24.10
42.00
13.40
29.60
31.10
43.00
31.90
40.50
23.00
25.60
39.00
14.40
38.80
20.30
14.00
25.40
39.70
18.60
17.40
23.20
44.80
44.50
35.90
42.70
30.80
34.30
44.00
35.70
24.20
44.70
15.40
17.00
27.30
18.60
18.70
17.90
25.40
10.40
14.40
27.20
33.50
42.30
18.20
38.80
41.00
30.40
13.00
14.40
35.10
34.90
28.30
27.60
29.90
41.60
40.50
14.80
16.70
35.50
17.10
37.60
34.10
23.60
22.40
43.10
27.30
36.00
44.40
31.00
36.00
40.20
41.90
27.20
12.20
10.30
25.50
21.20
25.90
36.70
34.20
36.00
23.60
19.80
19.30
27.80
23.90
32.80
37.70
29.30
39.30
30.90
37.60
31.10
10.50
25.30
33.20
33.00
39.50
28.60
25.70
34.90
37.40
34.90
29.40
26.50
28.70
33.60
28.10
14.80
44.40
25.60
18.50
35.80
30.30
18.50
38.60
16.60
20.10
28.20
24.50
13.00
30.80
18.90
24.20
10.50
41.10
18.10
16.90
16.00
13.30
13.40
33.10
24.20
23.40
29.10
30.30
30.10
12.50
38.60
40.60
43.40
35.00
31.20
35.60
22.70
37.30
40.00
24.60
25.20
27.40
26.40
18.40
25.50
20.60
16.90
13.80
14.40
12.90
31.70
12.30
16.90
33.50
14.00
39.20
41.40
33.30
38.70
14.20
44.40
14.20
34.60
43.90
29.40
32.60
20.70
25.60
42.10
26.60
32.00
36.50
28.50
30.10
21.30
24.60
16.40
42.20
18.30
17.80
14.80
29.60
42.50
30.40
14.40
19.30
37.80
18.40
42.10
36.30
20.20
13.40
25.20
32.70
32.60
11.80
43.30
39.20
16.70
30.70
36.60
31.20
30.80
29.20
39.60
32.60
36.50
10.40
10.90
22.50
35.20
43.00
34.80
32.40
37.10
42.30
25.80
24.20
24.30
43.00
38.90
24.60
32.20
11.90
28.30
31.80
10.90
29.70
35.90
35.70
44.50
31.60
32.00
38.80
17.60
43.50
32.20
29.60
43.70
18.40
19.00
23.80
20.10
44.00
40.30
17.70
22.20
13.40
25.10
23.50
39.70
27.20
17.80
37.00
41.40
30.90
27.30
35.60
13.30
14.50
10.70
38.30
35.20
41.70
23.90
44.20
23.50
21.80
21.40
23.00
32.70
18.50
14.40
29.90
31.20
17.10
42.10
41.40
29.20
37.90
41.80
13.90
29.60
21.20
30.30
35.10
27.80
29.00
22.00
43.40
40.10
26.10
14.70
32.20
28.30
28.00
39.40
18.40
37.40
39.10
15.00
25.70
43.00
22.50
29.00
11.80
15.30
18.90
33.80
30.70
27.00
37.70
39.30
27.70
23.90
10.00
14.10
39.90
34.40
20.00
22.30
39.10
21.40
18.20
30.60
18.60
38.90
16.20
34.30
38.20
18.90
24.60
16.80
41.30
34.60
38.00
37.00
37.50
21.10
39.10
19.20
27.40
21.40
33.60
42.30
40.90
43.90
10.80
37.70
14.00
38.10
17.90
23.50
29.40
26.00
20.70
11.60
15.10
17.20
23.40
28.50
26.90
20.10
23.30
21.40
11.30
27.70
21.20
19.10
38.20
38.70
44.00
42.80
16.30
35.50
33.30
32.00
25.70
36.20
31.50
20.90
13.60
19.30
30.80
41.40
35.80
38.20
19.40
36.10
29.00
35.20
14.80
25.30
10.50
29.30
24.00
20.60
26.80
34.50
21.80
23.60
44.40
19.10
17.70
12.30
32.60
32.00
44.80
27.00
11.20
39.30
23.30
21.60
35.50
39.10
10.20
43.50
23.50
40.30
21.70
30.50
10.20
29.50
14.30
36.30
18.00
30.00
26.40
19.70
22.80
11.80
12.20
10.60
39.70
21.90
21.10
13.20
25.90
38.00
28.40
36.20
24.70
20.70
37.50
33.70
18.00
25.90
21.20
11.90
43.90
36.50
33.00
33.70
34.10
22.20
22.10
31.70
42.90
15.00
18.40
23.10
20.90
38.00
31.90
26.20
44.60
37.10
21.60
23.20
26.50
42.90
33.30
13.90
28.50
31.90
30.50
16.30
41.30
35.90
23.10
27.60
37.60
42.60
14.40
41.40
43.60
25.80
14.70
44.20
23.20
41.30
31.20
18.00
12.80
33.30
19.90
23.70
13.40
17.00
40.70
26.60
41.50
27.70
22.60
36.40
33.50
19.70
39.00
38.90
44.20
34.20
18.80
34.80
20.10
43.70
20.80
31.50
35.30
27.90
20.90
24.60
17.10
16.00
36.70
44.50
34.20
43.70
10.80
43.30
38.20
38.20
18.90
16.90
16.20
16.40
41.60
13.70
19.10
38.20
38.30
19.70
22.10
35.60
24.40
34.90
35.10
43.50
20.30
23.30
28.00
29.10
14.00
18.10
15.00
41.20
15.20
28.70
41.00
16.40
19.60
15.30
12.30
38.80
41.00
21.90
24.20
18.20
13.50
17.20
27.70
15.80
42.50
24.40
20.40
23.70
13.30
41.90
42.90
13.40
37.00
33.80
40.70
22.70
21.30
19.50
10.00
34.20
22.40
29.40
42.90
24.70
12.60
32.40
44.50
38.50
33.40
41.10
17.90
20.30
26.20
18.50
26.90
30.10
22.30
44.60
29.20
25.00
17.30
18.30
23.60
41.80
37.60
21.50
16.00
22.60
28.50
33.50
25.70
31.20
33.00
16.00
12.00
41.00
21.60
42.30
27.80
13.60
22.60
38.20
14.00
12.00
36.00
39.90
23.40
38.10
25.90
35.70
44.60
14.20
32.30
26.50
38.40
24.20
25.90
26.70
41.00
36.30
28.90
22.80
21.90
27.60
15.90
33.60
33.60
22.60
34.40
39.00
19.50
29.20
44.10
36.50
23.80
31.70
42.40
40.90
18.70
18.30
15.00
28.10
21.60
13.70
18.20
28.40
33.70
19.80
12.00
38.10
36.20
37.20
42.20
37.00
31.50
33.50
17.50
24.40
18.10
18.10
20.90
14.60
38.30
16.50
33.20
29.10
17.00
28.30
19.00
41.80
25.10
13.10
41.10
40.60
13.30
19.00
10.20
12.60
45.00
16.60
39.20
28.00
30.70
41.30
30.70
35.00
44.70
23.80
37.60
32.30
38.70
31.50
33.40
10.00
44.80
12.20
15.70
25.10
37.50
21.80
26.80
15.50
15.30
16.00
18.60
36.50
10.90
37.20
39.90
30.80
29.80
44.50
36.40
34.90
43.80
18.60
37.50
25.70
41.00
33.40
38.60
38.80
33.80
38.70
16.60
33.90
24.50
43.60
23.80
26.70
37.10
35.00
28.30
43.60
25.30
39.10
34.70
12.00
10.10
44.60
19.70
24.20
33.40
10.50
37.00
36.00
21.80
28.00
29.80
30.40
30.80
44.10
12.10
24.20
31.10
20.00
16.80
41.20
27.10
22.50
22.90
43.10
34.50
11.20
17.80
26.80
31.70
15.40
19.70
22.10
31.50
35.20
38.00
26.30
44.60
43.90
11.00
19.50
15.60
34.50
11.40
36.00
27.60
32.60
43.30
13.50
27.80
13.80
20.90
25.50
41.50
39.40
14.30
13.10
25.50
25.40
14.30
18.40
27.80
20.20
34.80
23.80
17.80
38.40
41.00
12.80
37.50
19.00
29.50
24.20
35.30
38.10
26.30
20.60
35.90
34.30
40.30
28.90
36.40
17.90
28.20
15.60
29.50
14.30
22.40
44.10
19.10
31.30
19.50
29.50
39.30
27.90
26.70
18.70
42.10
38.50
35.10
11.30
24.40
41.80
12.20
37.20
27.70
38.00
37.30
37.30
12.00
44.00
39.10
39.50
22.90
13.20
12.40
31.50
20.00
29.90
20.30
40.60
36.00
19.90
12.50
37.60
31.20
14.10
26.70
39.70
28.20
44.80
17.00
27.30
23.10
14.70
19.50
40.10
23.90
12.60
38.20
44.90
12.70
34.40
44.80
15.10
15.70
14.60
30.60
33.00
14.70
18.70
40.40
24.20
22.50
13.70
12.70
35.20
23.50
29.40
43.10
13.20
33.30
43.80
14.20
10.00
42.00
37.10
33.10
40.50
19.30
40.70
19.20
26.30
18.90
25.10
37.40
25.30
11.20
24.20
17.50
40.80
34.80
19.20
43.30
44.50
43.00
27.10
31.20
26.60
31.20
10.30
12.20
40.40
39.20
39.10
40.30
41.70
34.30
26.90
31.50
35.10
26.10
25.70
28.30
22.20
27.70
27.10
41.60
23.00
40.00
43.00
12.80
29.50
18.10
23.40
32.30
40.40
21.20
43.80
15.10
24.30
29.60
25.10
43.20
20.70
30.60
10.80
27.50
10.50
32.90
29.00
20.30
13.40
31.20
32.70
13.30
29.90
28.40
29.80
34.40
20.20
23.90
19.60
12.80
42.50
24.30
39.70
22.70
18.50
13.40
43.40
31.60
19.70
21.10
11.70
13.20
38.40
37.90
16.20
26.00
17.80
26.70
24.90
34.10
23.20
25.70
29.10
36.90
11.80
44.70
18.90
24.50
28.40
23.50
40.40
13.10
42.70
30.90
27.10
19.30
36.50
28.90
20.30
15.40
27.50
34.50
39.20
43.70
33.00
13.00
38.00
36.60
12.90
39.10
28.10
44.80
26.80
19.60
40.50
21.70
30.60
21.60
29.50
23.30
17.10
31.60
15.80
38.30
18.40
38.10
30.80
43.80
10.60
28.90
25.20
34.20
30.50
20.50
42.00
31.50
44.50
33.00
17.60
41.20
34.70
37.00
17.80
40.70
23.00
21.10
19.80
21.00
41.90
34.90
36.50
44.80
40.30
16.40
37.90
11.90
31.10
15.70
24.70
31.80
42.50
34.10
32.20
35.00
21.10
13.90
12.00
20.30
30.40
30.40
37.70
41.20
34.10
11.30
29.40
40.90
16.40
32.10
23.00
11.70
29.50
22.60
10.50
35.50
26.50
34.80
32.20
23.30
17.40
42.30
40.50
17.00
40.90
44.20
18.60
23.00
10.10
16.90
20.10
44.20
15.70
32.70
17.40
17.60
29.80
38.10
44.80
20.50
34.30
17.60
31.40
40.20
10.10
31.80
15.40
23.70
23.40
32.80
44.70
19.80
25.30
36.50
30.00
30.40
35.00
44.40
22.30
26.50
25.70
34.50
38.90
12.30
34.30
42.70
25.80
17.10
16.10
23.20
36.20
35.60
30.30
22.10
38.50
22.60
37.90
37.70
32.50
28.00
32.50
42.80
37.10
18.30
27.00
26.30
31.50
17.50
21.60
27.00
13.50
14.30
21.90
35.00
22.40
27.60
41.30
39.60
20.90
16.10
21.00
42.40
33.60
29.40
36.60
22.20
29.20
44.50
28.70
44.00
17.70
12.60
13.00
28.20
18.80
12.50
15.80
27.60
35.00
22.80
42.50
12.40
17.50
40.60
11.80
14.10
12.80
11.50
32.40
10.40
35.10
28.70
15.90
21.50
29.50
33.70
30.00
20.30
26.00
34.80
25.40
27.50
28.30
28.90
42.30
32.20
20.30
27.80
27.10
35.60
39.20
22.40
40.10
27.90
12.90
11.90
36.00
38.60
18.00
37.10
18.20
41.40
37.80
31.30
33.60
14.10
16.00
24.90
32.40
29.60
38.90
43.60
44.90
17.50
37.10
21.40
35.40
30.60
43.00
13.50
34.30
33.40
16.80
44.70
31.30
26.40
13.40
11.40
10.20
18.30
10.00
38.80
26.10
31.60
19.70
13.40
29.20
13.50
13.60
31.60
42.50
13.50
12.70
28.90
27.00
16.50
23.00
39.50
36.60
31.60
32.70
17.40
27.30
41.20
20.70
33.40
22.30
31.60
42.00
13.80
13.50
21.50
11.00
32.00
30.70
41.40
41.00
42.50
19.20
36.20
42.70
34.20
41.00
14.20
31.90
21.40
25.10
33.30
22.00
28.20
10.80
41.20
35.60
37.50
13.70
18.60
11.50
36.00
32.60
35.80
38.60
37.90
26.40
18.30
18.80
34.20
39.10
25.00
18.70
38.50
43.50
11.50
31.20
12.80
22.00
20.40
28.90
14.90
20.50
22.80
43.70
23.80
44.40
30.80
10.70
26.30
17.30
42.10
16.90
16.50
15.70
10.20
44.20
27.50
22.50
41.10
40.50
13.00
38.90
10.50
44.00
43.80
11.70
16.50
37.90
40.10
14.60
13.70
31.60
30.50
37.60
21.70
29.90
19.80
43.50
14.00
22.40
37.80
19.10
27.50
20.70
25.00
34.80
13.50
34.40
31.80
32.80
16.40
14.80
22.10
10.50
24.70
37.40
37.70
42.00
23.50
40.40
29.90
11.70
11.00
25.30
35.90
34.50
23.20
21.20
18.00
38.20
19.50
13.40
40.90
14.10
28.30
39.20
34.30
38.30
29.00
38.20
21.20
15.30
27.00
33.80
12.40
33.00
31.90
40.10
39.70
43.80
28.90
10.40
24.60
17.10
13.90
28.30
27.70
34.60
20.00
18.40
34.90
19.90
10.90
35.30
40.60
42.70
35.50
24.90
28.70
42.20
26.10
32.90
16.30
12.70
21.40
18.00
33.20
12.60
23.60
24.00
15.80
11.30
13.60
36.20
42.90
19.00
40.90
15.70
28.00
10.00
15.80
19.40
25.90
12.30
37.80
30.60
20.90
25.60
24.60
34.10
43.40
28.60
37.40
10.60
12.90
36.40
29.10
11.70
40.10
11.70
38.60
21.00
27.10
20.20
16.30
31.00
21.50
27.80
25.60
40.50
23.60
18.60
22.40
20.00
14.30
20.90
26.50
34.30
14.00
26.40
45.00
30.50
13.70
27.70
15.70
17.10
10.70
13.10
32.10
27.80
25.90
25.00
13.50
39.90
29.30
10.30
26.30
17.50
12.60
18.90
15.70
26.90
20.80
28.10
28.60
30.80
43.80
39.80
26.50
36.30
16.50
41.20
18.60
31.60
20.70
40.90
29.10
35.70
20.30
40.60
17.70
41.90
33.70
14.20
23.00
17.90
32.20
19.30
33.40
21.80
33.80
40.20
36.00
11.60
37.10
24.80
12.90
12.20
13.80
20.60
20.20
29.10
29.20
15.40
35.30
20.70
28.50
28.50
41.60
23.50
43.80
17.50
14.20
32.40
40.20
44.40
24.10
12.70
12.00
22.50
26.40
44.30
27.50
18.30
15.90
23.90
37.10
29.10
17.20
44.50
42.50
40.40
40.90
39.10
11.40
31.40
38.60
44.50
23.00
37.10
34.20
17.70
26.90
43.10
28.50
20.50
16.00
43.40
36.40
44.00
39.50
16.50
20.10
42.20
28.00
31.10
25.00
11.50
22.70
38.70
18.00
37.20
19.00
24.60
27.80
33.60
38.90
20.10
14.50
42.40
19.10
23.80
18.50
12.30
44.20
32.10
31.90
42.10
35.60
18.80
36.80
18.50
37.10
25.80
16.70
32.60
19.90
14.70
21.80
10.60
37.40
19.40
37.20
43.40
40.70
43.50
10.50
22.10
10.80
20.00
23.60
37.70
20.50
29.50
25.90
23.00
34.00
31.50
40.70
14.00
16.10
39.60
34.50
22.70
44.40
34.50
43.90
15.30
40.20
24.90
12.10
26.90
35.20
42.90
20.90
32.10
13.70
10.10
21.80
44.10
29.50
25.00
11.40
30.40
17.70
18.50
25.00
18.10
14.70
12.10
37.80
16.70
35.20
26.60
18.10
40.00
42.80
14.20
28.70
34.40
30.10
13.40
23.10
13.50
39.00
30.30
19.90
10.70
43.90
18.30
23.90
42.40
14.50
35.90
32.50
20.40
38.00
18.30
10.70
23.30
35.30
11.00
32.60
18.50
42.00
31.90
12.80
23.50
29.10
42.70
34.90
27.60
30.30
35.30
24.70
13.10
15.70
15.40
33.70
20.90
25.20
36.70
36.40
13.20
44.70
22.00
21.00
13.30
13.30
20.30
27.80
18.20
23.60
41.60
12.90
11.00
12.50
13.10
27.60
35.50
36.90
24.00
32.40
36.70
29.40
13.20
35.90
12.50
12.50
18.70
19.90
13.30
37.10
42.90
32.90
19.10
34.70
42.50
17.00
27.40
24.10
10.50
40.20
12.80
44.00
39.30
18.10
28.50
31.10
37.60
37.10
35.00
11.30
39.00
16.80
34.40
20.90
18.10
28.10
10.40
36.60
27.10
15.90
34.90
35.70
42.80
11.00
34.60
17.30
34.60
25.20
18.20
20.80
40.00
42.70
36.20
13.60
18.00
19.90
27.90
43.30
19.30
24.30
42.20
12.30
14.50
26.20
14.00
25.30
42.70
28.80
16.60
41.30
25.20
27.50
40.20
35.60
33.80
43.70
25.30
12.30
17.20
39.30
37.30
30.80
27.30
23.70
23.10
33.80
32.20
17.90
38.90
41.50
25.90
34.00
43.10
35.90
36.70
19.60
29.70
36.90
22.70
26.30
44.30
14.90
41.30
40.60
31.00
36.60
41.70
12.80
25.90
38.80
13.10
11.00
35.60
35.50
20.80
26.90
15.70
11.80
22.90
38.50
13.50
18.80
13.70
19.50
16.80
27.30
35.20
19.00
20.10
13.00
10.00
37.00
44.70
27.60
25.50
30.40
16.60
11.70
23.70
19.70
22.60
14.20
38.60
27.60
25.90
30.40
17.90
16.00
27.90
31.40
27.90
10.20
10.90
15.70
28.00
30.30
13.20
44.60
12.80
33.60
37.20
34.60
37.40
26.10
16.60
26.30
13.70
30.40
18.70
32.00
24.70
39.10
11.70
40.20
31.20
28.40
19.40
17.40
28.70
34.10
25.20
26.20
14.90
43.20
35.30
23.50
15.40
20.20
31.10
17.00
37.80
10.30
44.60
23.50
11.00
16.90
37.60
18.30
28.10
28.80
21.60
17.20
35.40
30.10
15.90
45.00
17.50
39.90
31.00
31.80
11.90
16.10
25.60
22.30
38.40
16.50
44.70
10.50
37.10
11.10
41.20
35.80
17.40
20.80
10.10
37.70
40.80
30.00
27.30
10.60
43.40
40.70
32.90
13.80
40.10
29.20
24.40
36.30
40.20
32.40
42.30
28.90
10.70
30.20
17.20
24.00
19.00
10.00
22.40
15.20
25.00
19.20
37.30
21.40
37.80
18.50
15.20
25.30
13.60
32.90
32.90
27.20
41.70
17.70
32.70
38.00
10.20
10.90
25.20
30.00
29.70
38.80
42.60
18.20
39.90
24.70
20.80
27.30
44.60
43.20
24.10
16.60
34.70
19.80
21.10
34.40
11.60
11.90
24.30
21.10
30.20
40.40
33.50
35.10
13.60
33.00
33.80
32.90
37.20
43.50
23.30
25.80
17.20
30.70
23.60
16.80
20.00
42.30
40.80
30.90
37.60
17.50
42.50
21.20
33.00
37.50
36.80
23.80
10.10
31.90
28.30
34.30
33.70
38.30
33.90
26.90
37.80
37.60
34.80
34.30
40.00
25.70
44.20
42.20
12.50
21.60
29.80
17.50
43.40
26.40
22.60
25.50
41.60
40.20
36.50
43.80
10.80
30.60
20.20
18.60
42.50
13.50
44.10
43.40
14.80
22.00
10.00
22.80
15.10
28.00
30.90
23.50
34.60
20.20
10.10
32.00
25.80
28.60
34.10
41.00
43.10
38.80
44.70
11.30
18.00
33.40
16.00
34.80
19.80
14.10
29.10
21.70
23.50
26.00
36.90
17.70
36.50
10.80
27.60
39.40
35.80
22.00
44.60
38.80
10.90
26.10
44.40
15.70
21.50
31.50
11.50
20.60
29.70
39.60
27.60
32.50
38.20
16.20
14.20
35.40
38.30
41.20
18.00
28.30
39.90
45.00
12.00
13.50
34.90
16.80
16.00
28.50
12.30
34.90
43.00
15.40
31.40
30.60
28.80
40.70
17.90
34.60
11.30
22.10
13.70
31.10
37.10
29.10
10.50
31.50
16.40
42.00
16.90
16.40
24.50
18.10
11.50
28.00
35.10
31.00
12.20
38.30
36.90
32.70
44.50
43.40
17.40
15.40
10.90
13.90
24.00
20.70
43.90
17.20
11.60
32.20
10.80
31.00
12.90
42.80
38.80
44.90
39.20
23.80
18.90
15.70
30.00
32.80
41.00
41.70
24.30
23.80
33.40
13.20
11.90
42.70
19.90
33.30
29.10
36.60
35.80
31.50
37.70
26.60
33.00
27.50
17.60
35.20
14.30
36.00
10.00
31.40
21.70
33.40
32.30
23.30
26.80
26.80
16.30
37.40
38.70
12.10
42.50
36.80
41.20
39.00
42.10
40.00
33.80
38.90
15.60
37.30
34.90
42.40
32.90
25.90
38.90
21.60
20.80
10.30
10.70
38.10
13.50
31.20
24.90
43.30
18.40
41.50
38.20
39.60
41.00
32.20
16.60
25.70
41.20
41.90
33.40
44.90
29.20
15.90
13.90
10.30
43.20
13.30
42.30
30.50
32.20
15.00
11.70
16.60
25.50
16.50
26.40
23.00
18.20
19.10
10.10
41.30
24.50
39.90
38.20
13.10
21.10
17.40
26.30
28.30
16.70
17.20
27.90
12.20
10.10
37.90
39.80
44.40
18.10
29.90
36.90
32.30
41.20
40.30
43.10
13.80
30.70
31.60
10.00
25.20
20.10
43.80
29.50
34.70
24.50
29.40
20.10
20.50
16.90
35.40
37.50
38.10
42.50
43.30
41.20
21.00
20.60
15.20
42.40
11.40
32.50
39.30
13.10
32.70
19.10
12.00
14.00
33.60
15.60
39.40
35.80
15.60
22.80
41.80
40.70
38.90
42.20
25.90
22.70
22.80
15.00
43.50
20.40
14.30
39.50
29.30
23.80
12.30
12.60
18.00
15.50
15.00
26.00
24.80
26.40
21.00
27.90
14.30
11.70
10.30
12.10
33.10
42.30
15.70
28.40
32.20
42.70
42.60
26.90
19.90
19.20
33.00
35.60
34.40
27.50
30.80
43.20
40.70
36.80
30.80
28.80
21.50
26.80
21.70
38.90
20.80
20.10
26.10
28.30
29.40
31.60
43.10
32.50
15.00
24.90
33.90
40.60
40.60
36.20
43.90
16.10
20.00
42.90
40.30
10.60
34.10
30.70
27.60
30.40
41.10
33.70
28.50
12.10
43.40
20.50
38.10
20.90
12.90
34.00
41.60
33.60
39.50
43.20
30.60
13.30
43.70
16.40
11.60
14.80
33.40
44.70
13.70
10.50
25.30
23.60
39.90
10.90
44.60
24.70
21.50
27.50
33.60
21.00
25.70
14.20
38.50
35.10
19.60
39.80
35.70
22.20
18.70
34.70
37.80
24.00
27.80
16.80
22.40
24.90
43.90
20.80
21.70
42.30
21.90
23.90
19.90
32.60
26.40
14.90
11.40
31.70
43.90
29.10
27.80
40.80
31.40
38.50
23.70
36.10
34.70
23.10
15.40
30.40
10.80
43.30
27.10
42.30
18.20
34.30
39.10
34.30
17.30
23.90
43.10
14.60
44.80
12.70
12.00
28.60
16.00
40.20
13.90
11.90
38.50
20.80
14.50
24.70
23.40
33.30
42.80
10.20
24.80
28.20
10.00
30.80
28.60
30.10
39.70
23.50
19.80
43.10
28.90
33.10
10.90
17.40
13.40
20.60
34.80
28.20
10.30
12.90
36.20
38.20
38.80
25.40
10.80
36.10
26.40
33.60
19.30
18.40
36.40
12.30
29.40
39.10
33.40
22.80
36.40
36.70
13.00
36.10
42.10
18.20
36.60
24.30
20.10
23.20
11.30
36.30
32.80
10.50
35.40
36.10
20.70
21.80
42.80
27.70
27.70
35.90
16.00
19.90
15.50
12.80
35.70
40.90
40.10
30.70
24.70
19.50
12.40
25.60
41.80
29.20
34.10
16.10
23.10
31.60
11.00
21.20
41.10
29.60
18.30
10.10
34.60
25.40
22.60
10.90
21.60
16.40
29.70
12.30
25.00
38.90
32.80
21.50
44.20
29.60
23.70
12.60
15.00
42.60
31.20
36.40
33.00
30.00
32.30
10.60
24.40
29.20
37.80
33.80
17.50
37.20
25.30
41.60
18.90
32.90
39.70
22.30
31.70
24.00
32.70
17.60
34.80
30.00
16.00
34.10
42.10
19.70
19.30
31.00
20.60
28.50
21.60
21.30
34.00
39.80
11.90
19.30
37.20
22.30
43.00
43.10
38.40
19.40
17.10
36.40
13.30
29.20
36.30
28.50
10.40
36.80
35.60
18.70
13.70
24.90
21.40
29.30
10.60
10.60
39.70
13.20
27.50
24.90
17.90
24.00
43.00
37.20
21.90
41.30
14.10
12.70
24.10
29.40
44.70
41.60
17.70
21.70
28.10
43.10
10.50
12.20
17.60
31.60
15.20
37.10
12.20
33.10
27.30
24.70
29.80
29.20
42.30
33.20
43.60
24.60
17.70
24.90
22.50
11.30
35.60
24.70
24.30
19.00
33.80
32.70
33.60
21.80
19.90
34.50
19.90
31.80
35.00
40.00
43.30
19.40
44.80
10.60
13.40
33.20
11.60
40.30
19.00
26.30
40.70
19.80
30.70
20.90
14.70
24.60
37.80
32.70
19.00
23.80
19.70
32.10
42.10
34.60
25.40
13.20
12.30
27.00
20.90
37.90
29.40
36.60
28.40
16.40
33.90
41.50
42.60
21.10
17.70
15.80
44.60
14.40
22.60
41.80
41.00
20.30
19.20
16.70
35.20
17.70
44.10
18.20
28.70
42.80
39.80
25.30
29.20
42.70
24.40
43.50
20.20
45.00
32.80
34.40
36.40
23.50
18.00
37.20
36.20
41.50
20.70
40.70
35.30
39.60
38.70
43.20
11.40
28.30
26.70
22.00
28.90
22.70
11.30
18.20
18.20
15.20
11.20
42.10
33.20
26.50
11.70
20.60
17.60
10.40
16.10
35.80
20.50
39.10
43.50
13.00
23.70
44.70
35.80
21.50
31.00
20.70
32.00
34.60
22.70
11.70
30.90
30.40
45.00
40.60
18.70
27.10
43.80
28.10
29.20
13.30
29.70
32.30
24.40
18.90
27.70
23.00
12.90
42.80
41.30
42.90
13.20
19.60
43.70
19.30
30.10
16.40
34.50
13.40
44.30
25.50
36.30
33.70
13.70
11.10
31.10
19.90
18.90
34.20
14.10
24.50
20.30
12.40
19.20
22.50
24.00
17.60
27.10
10.50
16.00
44.50
27.40
14.00
42.30
32.30
41.90
16.20
14.40
21.30
28.70
35.20
13.60
13.20
42.50
35.80
11.30
20.10
29.00
36.30
30.60
41.50
30.60
16.10
34.20
17.70
15.10
41.40
31.30
40.70
38.70
19.20
37.30
23.00
29.70
30.50
43.60
44.60
31.70
17.90
18.90
15.00
36.90
36.20
23.80
39.90
24.00
42.60
30.50
24.50
29.30
21.90
33.20
35.90
37.50
34.90
33.90
24.70
35.80
44.50
43.80
23.70
40.90
13.90
25.20
19.50
33.90
31.70
12.70
41.00
42.80
41.20
44.10
33.20
16.20
13.70
14.70
21.30
14.60
33.20
23.90
33.80
18.50
29.70
28.40
12.50
37.40
38.90
15.10
36.90
35.50
37.80
24.40
25.00
16.60
24.40
17.20
24.50
14.00
36.30
24.80
11.80
38.30
31.60
25.60
33.60
39.50
21.70
19.10
31.90
41.20
23.30
26.70
28.40
25.00
34.00
17.40
44.30
21.80
25.10
25.20
39.40
38.70
19.70
35.00
24.60
41.10
41.00
41.60
37.20
39.30
27.10
11.70
33.90
40.50
16.60
14.40
29.70
11.00
22.30
19.40
31.70
37.20
15.30
19.40
15.80
11.30
17.50
11.60
17.70
22.50
22.10
38.90
34.10
10.50
32.70
12.90
38.70
39.50
19.20
15.10
17.60
15.60
35.80
39.30
43.90
39.70
27.10
23.00
28.70
13.30
24.00
37.20
19.20
44.80
24.20
30.50
21.50
25.10
28.50
25.10
28.80
26.00
10.30
36.40
27.60
17.50
15.90
35.00
21.70
21.90
39.50
23.90
41.20
19.60
39.80
39.10
19.90
41.60
35.00
23.60
35.40
27.00
42.80
36.80
13.30
36.20
23.10
36.80
10.60
20.90
33.50
23.60
38.90
13.50
44.20
41.50
34.10
35.00
37.30
24.80
10.80
44.60
12.90
22.50
19.40
36.20
31.10
33.20
37.60
27.20
27.80
31.80
36.80
29.30
20.00
26.50
27.40
32.40
32.20
18.20
27.50
10.20
40.80
42.90
36.90
15.20
18.90
36.70
37.60
42.10
17.60
35.20
16.90
11.90
18.20
19.20
15.30
10.40
33.00
35.00
38.60
43.60
33.80
24.80
13.30
34.90
43.90
38.00
11.40
37.80
28.70
24.80
13.10
29.10
36.00
23.00
32.50
37.80
12.30
10.90
39.40
12.30
18.20
38.00
34.30
41.70
41.50
41.70
22.40
19.50
40.40
16.90
33.60
10.00
27.10
43.60
16.90
19.80
10.50
36.40
41.60
10.20
36.80
35.50
26.60
25.20
29.10
14.00
35.00
35.10
11.70
17.90
27.50
29.70
34.00
43.20
12.40
36.70
33.40
25.60
36.70
37.90
16.90
36.10
38.10
31.00
26.10
10.40
28.00
33.80
33.50
24.30
15.60
17.50
25.10
11.70
24.40
15.40
34.20
29.80
23.70
42.30
17.40
15.20
36.60
18.20
14.50
30.70
31.20
15.60
17.60
31.80
35.50
22.90
37.60
25.60
27.50
16.50
33.40
12.10
12.90
42.90
26.40
41.10
28.70
34.90
14.30
22.20
35.80
23.10
39.40
34.70
13.70
31.60
25.10
31.60
35.50
38.90
13.50
35.80
41.00
30.30
33.90
44.40
33.20
40.40
13.60
11.50
40.00
36.70
32.10
40.50
21.30
26.90
15.90
12.40
36.30
11.40
38.40
15.30
15.60
44.10
30.20
28.30
15.60
15.60
44.10
17.40
18.90
19.60
27.30
30.50
38.00
30.50
32.70
42.50
14.90
42.20
16.00
40.50
16.40
13.20
27.90
10.40
31.30
44.30
23.00
30.00
28.80
17.60
41.80
27.40
24.00
21.20
39.40
32.00
36.70
40.30
20.50
11.50
20.80
27.70
43.00
35.80
14.00
20.70
20.50
25.70
24.30
17.30
37.00
34.20
23.60
35.90
19.30
43.30
29.60
12.00
44.20
38.20
32.00
45.00
12.70
43.30
44.40
10.90
34.80
22.30
33.20
20.20
15.40
10.80
15.80
11.70
12.40
23.80
29.90
38.90
19.00
40.70
11.00
39.90
38.60
30.50
37.40
33.70
33.70
43.30
42.50
24.20
43.50
32.60
11.10
28.90
37.50
35.60
18.20
38.50
28.10
25.00
38.20
35.70
17.90
30.00
36.10
22.70
40.40
16.00
29.80
26.30
11.40
23.70
17.50
22.90
21.10
37.40
26.10
32.50
36.90
41.70
21.30
42.70
31.40
20.90
18.60
21.70
23.60
32.30
43.20
34.50
10.40
38.40
34.60
34.50
35.00
14.10
33.40
10.30
32.10
41.40
41.60
30.90
34.70
43.80
32.40
36.00
35.60
26.50
21.50
20.60
41.60
11.10
40.30
18.90
22.60
29.60
16.50
12.30
25.50
33.80
15.70
31.70
28.60
42.90
37.50
27.80
10.00
12.90
39.70
31.40
40.90
40.60
19.20
37.70
35.80
23.80
13.70
29.00
23.60
18.60
13.60
35.50
33.40
19.20
12.40
42.40
23.20
24.00
17.30
31.80
42.50
34.00
22.00
30.70
41.40
10.60
18.30
36.30
30.20
40.10
36.70
16.50
36.50
43.60
30.70
42.60
11.60
42.20
15.60
42.50
37.80
15.50
38.10
37.20
42.80
43.90
29.10
35.20
29.50
33.80
35.70
20.90
27.60
18.10
44.20
10.50
11.00
12.90
40.50
27.40
15.40
37.80
19.70
38.80
24.80
14.80
11.40
17.60
43.30
12.60
12.70
42.30
39.70
27.00
28.00
10.30
37.50
15.30
21.90
43.40
11.30
44.30
32.40
30.50
12.40
23.20
11.80
30.20
44.10
17.50
17.10
14.50
40.10
30.00
40.60
39.40
18.30
30.00
29.70
19.90
30.10
26.90
34.40
39.30
11.90
30.20
14.40
10.30
20.30
36.00
37.80
27.30
24.90
14.90
16.80
16.70
36.30
22.80
24.70
26.70
39.60
41.70
19.70
36.10
40.50
14.90
32.50
16.90
29.90
28.10
27.50
35.10
11.60
30.90
35.60
37.30
42.30
13.20
39.10
28.10
12.90
27.50
22.10
20.00
11.50
31.30
24.80
20.20
14.60
35.30
33.50
13.80
29.90
35.90
15.00
19.30
40.00
31.90
39.90
41.70
30.10
41.90
29.40
25.10
35.30
23.20
28.00
39.70
40.40
39.50
11.90
42.70
33.80
30.80
18.80
38.10
28.70
42.90
30.70
44.90
10.10
13.00
29.00
40.90
23.90
40.40
45.00
13.70
31.10
39.90
35.30
25.10
43.30
21.00
37.20
27.10
12.50
35.50
32.50
15.50
26.00
21.20
40.30
31.50
33.50
30.90
40.20
25.30
11.30
22.40
24.00
40.00
15.60
30.80
22.20
20.30
11.00
21.10
36.80
33.80
23.80
25.90
36.40
18.00
39.60
37.70
14.40
19.90
14.30
27.30
13.80
11.50
11.90
22.00
37.90
11.60
21.10
31.40
18.00
19.20
27.20
12.10
25.30
34.30
17.80
17.40
43.80
29.20
15.10
28.50
25.30
14.30
42.20
23.00
29.60
10.30
16.90
24.80
14.80
37.70
17.50
32.80
29.60
12.60
11.60
37.50
16.50
31.50
30.70
30.60
12.10
19.90
28.20
40.70
39.10
16.70
17.90
34.70
16.80
35.20
19.60
44.20
38.00
34.60
22.70
14.50
33.90
25.40
22.50
22.20
18.60
26.70
25.60
34.70
42.60
23.20
10.30
34.20
14.40
42.60
22.80
35.90
32.30
43.90
15.50
36.90
14.80
25.00
38.30
42.30
16.70
42.10
22.50
27.30
40.60
14.50
19.10
34.10
36.90
25.60
22.50
21.40
29.10
11.80
39.50
36.50
44.00
18.60
25.10
13.50
14.40
17.20
16.10
16.20
23.10
27.80
25.10
35.00
36.80
25.70
16.10
19.30
39.70
27.10
35.70
10.70
30.60
23.40
30.20
28.40
20.80
38.80
30.90
33.60
18.80
39.10
12.20
39.30
17.80
32.90
26.00
32.00
14.30
12.40
32.70
24.90
34.90
17.20
17.00
18.00
43.50
10.80
16.20
24.40
43.10
12.50
32.90
37.00
40.70
18.80
41.60
17.00
26.70
22.10
25.40
24.00
25.40
21.40
39.50
13.80
41.60
34.20
16.20
15.40
30.80
11.90
11.80
31.10
36.90
12.70
42.10
10.10
38.50
28.60
14.50
31.50
37.80
37.70
33.30
24.50
28.90
11.20
27.90
21.90
32.00
41.50
41.10
15.50
18.30
39.50
33.70
39.30
17.60
16.40
12.90
34.30
18.10
22.00
42.00
11.70
27.50
31.00
21.70
40.40
17.60
32.40
43.90
44.80
43.90
41.50
26.10
23.30
41.40
31.60
18.20
30.10
16.00
32.90
41.30
13.10
16.40
30.20
11.90
13.80
14.70
30.90
41.10
40.70
13.70
43.30
19.70
23.70
21.90
40.70
16.30
24.70
12.70
19.70
15.40
20.20
17.80
30.80
23.30
18.50
34.80
35.10
40.40
15.70
28.90
33.10
30.00
37.20
13.00
39.00
16.90
12.30
39.70
28.10
23.30
28.40
26.30
32.40
37.90
12.20
15.80
20.00
14.20
22.50
11.10
25.90
13.20
28.70
17.50
40.20
34.60
14.50
43.00
10.60
11.60
28.00
23.30
12.50
25.70
43.80
39.40
20.40
23.40
25.10
35.30
22.60
14.50
43.00
27.60
35.00
30.60
40.80
23.10
22.90
44.50
40.10
12.60
37.10
38.60
42.80
32.00
34.30
44.90
26.10
16.10
23.50
29.10
26.70
35.80
23.70
17.20
20.90
36.90
26.00
27.50
24.40
24.70
36.80
24.80
33.40
19.50
25.00
36.40
37.80
23.20
11.30
23.70
24.60
12.30
20.90
36.50
34.90
43.30
21.40
29.90
20.60
10.10
25.40
30.80
43.40
15.90
21.70
44.20
24.90
29.20
33.80
41.80
26.20
20.20
14.00
29.90
19.70
37.70
14.20
43.60
35.60
33.30
17.70
39.20
26.50
18.20
31.60
28.60
32.50
16.90
34.90
44.30
41.70
25.40
41.00
40.30
13.70
12.50
42.90
27.40
18.20
26.30
45.00
23.70
20.00
38.20
12.60
38.40
26.40
34.70
20.90
44.00
25.50
35.20
32.50
39.80
35.90
17.00
29.90
32.00
12.10
40.10
33.40
20.90
10.80
39.10
17.40
14.50
10.80
37.30
32.60
35.40
42.40
17.10
14.30
38.30
18.90
28.30
23.40
21.70
27.00
44.90
43.00
31.20
33.70
18.60
24.40
35.40
32.90
22.20
19.40
21.60
36.80
27.50
28.60
40.90
38.60
29.70
11.00
22.30
17.40
17.10
33.50
17.90
36.70
44.70
25.40
25.40
40.70
12.30
19.40
17.40
33.80
42.20
25.70
19.70
21.20
14.60
43.80
29.90
33.40
14.00
17.90
43.00
29.70
10.90
25.00
36.60
39.70
38.90
30.70
23.40
13.70
13.30
10.00
44.30
20.70
20.40
27.40
42.20
40.70
26.10
34.70
20.90
34.10
19.10
14.90
25.80
21.60
36.10
11.10
39.40
23.00
16.80
16.40
32.00
27.40
30.80
38.60
17.00
13.60
44.30
43.60
24.10
21.10
15.50
32.90
15.80
25.90
27.80
44.30
21.70
32.00
32.50
10.00
36.60
29.80
30.60
24.60
40.80
34.30
33.30
42.40
30.60
25.40
33.40
28.90
39.50
28.40
25.80
22.80
28.20
22.90
14.30
38.90
23.00
27.70
28.60
41.50
11.50
14.60
43.50
35.70
16.30
24.90
14.90
36.10
21.70
16.60
45.00
25.50
31.70
25.10
39.70
15.40
26.30
39.00
35.80
18.30
21.50
15.10
31.10
28.40
22.10
44.30
10.20
37.20
29.50
15.00
32.50
36.70
23.00
44.60
40.80
39.00
25.40
35.70
29.10
38.20
44.80
40.60
42.80
44.60
37.20
10.00
34.50
11.30
24.50
34.50
19.40
44.80
38.00
36.40
36.60
20.50
28.00
38.80
12.00
43.80
27.30
15.60
32.50
41.20
28.00
31.50
19.40
37.90
19.30
15.30
23.10
11.00
19.10
10.40
16.70
32.90
44.50
22.10
29.10
15.30
27.50
44.90
28.10
17.90
36.20
12.80
30.80
20.00
10.60
35.20
21.00
12.80
21.50
14.90
44.40
22.70
27.80
33.40
27.20
42.30
20.10
14.60
35.90
36.70
40.60
18.50
35.10
10.20
28.80
26.50
42.00
28.20
33.40
12.60
38.20
33.00
33.60
13.90
20.10
27.70
38.70
38.30
33.50
37.60
41.70
15.40
11.30
29.90
10.40
30.80
12.00
12.40
31.00
11.90
17.30
40.30
22.20
35.30
27.40
21.90
34.30
14.20
10.70
17.40
30.70
28.90
34.60
32.70
33.90
20.10
34.70
42.10
19.90
16.60
20.50
32.70
42.70
31.90
32.00
31.40
19.30
15.70
36.60
12.50
44.10
41.70
28.60
34.50
27.80
27.30
32.10
17.50
42.40
35.90
16.10
26.40
15.00
20.40
39.00
33.90
17.80
41.10
41.00
15.70
30.90
20.70
25.70
33.40
17.90
34.30
40.80
24.50
14.50
37.50
17.60
30.80
44.90
21.30
23.00
23.80
26.20
16.50
14.20
14.60
23.50
40.20
24.50
35.40
16.10
28.20
10.00
39.20
31.70
14.70
36.30
33.00
10.60
41.50
18.10
40.30
25.90
43.10
18.70
44.20
13.50
41.80
42.80
23.40
31.50
35.00
19.60
20.00
30.30
30.60
11.10
26.90
38.30
22.80
29.30
36.10
19.90
41.80
40.50
25.60
16.80
31.70
38.80
28.30
32.20
17.70
37.00
19.10
32.30
43.70
11.50
28.20
24.90
17.30
19.40
23.10
20.00
18.50
29.30
33.40
30.00
38.30
42.50
36.60
16.80
25.10
40.00
39.80
32.10
22.40
43.10
14.70
25.10
25.90
11.10
20.60
16.40
22.80
41.00
32.60
12.80
26.40
12.30
31.10
31.30
41.60
32.20
36.20
30.50
16.80
26.40
34.60
16.40
37.50
44.60
10.00
15.10
26.00
31.40
20.50
21.00
21.80
35.50
38.90
21.60
33.50
31.00
28.80
42.00
29.40
17.20
17.40
35.20
25.80
20.40
39.20
18.20
41.00
28.50
20.00
10.50
36.20
14.10
41.30
30.20
35.10
20.50
37.80
29.10
20.80
32.90
25.50
23.10
45.00
36.70
43.30
35.20
16.10
20.50
16.60
28.60
13.30
18.80
24.10
26.80
29.40
10.00
25.20
14.10
21.50
25.30
22.80
32.80
37.30
42.60
26.90
26.00
43.30
42.30
30.40
35.20
32.20
20.00
23.10
10.90
27.10
23.60
43.50
17.10
26.60
34.50
14.20
21.20
23.00
