24.40
27.90
41.40
22.20
20.50
18.70
36.10
42.60
18.40
40.90
28.60
27.20
11.00
38.40
32.00
28.20
32.00
18.30
27.30
11.80
36.30
25.40
34.80
20.20
38.90
24.30
41.20
25.50
40.00
21.30
18.20
18.10
17.50
35.60
30.40
30.50
35.90
43.80
10.10
12.50
36.20
25.30
37.30
24.60
11.30
29.60
44.50
28.80
21.40
40.80
12.90
41.40
14.40
42.40
31.40
14.80
10.70
17.60
22.20
35.70
23.40
24.10
37.40
22.50
33.80
44.30
21.50
25.20
28.70
10.20
35.90
13.30
31.70
15.90
15.40
41.50
16.60
11.10
18.30
26.20
25.20
37.10
41.90
16.80
29.10
36.80
37.60
40.00
28.50
32.20
40.20
20.70
13.60
12.30
30.00
41.70
20.40
37.60
23.50
42.20
21.70
13.40
27.10
22.50
43.40
32.30
43.80
27.30
18.40
39.50
16.90
31.30
13.90
26.40
20.70
11.50
35.60
14.40
28.60
22.20
18.80
22.80
12.90
33.10
35.90
19.90
11.90
32.10
39.30
12.90
18.60
17.30
29.40
10.90
26.20
25.40
11.90
42.40
19.70
35.30
24.50
16.30
17.40
34.30
23.80
12.00
35.90
38.70
42.90
24.80
31.10
19.70
21.70
39.10
34.30
11.90
22.60
33.30
17.80
34.50
25.10
34.00
37.70
18.80
43.10
31.10
36.10
38.60
38.90
24.80
24.90
11.70
38.50
13.10
44.10
41.60
44.90
21.50
43.00
12.20
39.70
33.10
14.80
41.60
23.90
32.80
41.80
13.50
34.40
28.80
43.50
37.60
19.10
39.50
35.00
23.90
27.80
16.20
26.20
41.60
27.50
31.80
29.30
29.20
33.10
16.30
23.80
21.60
11.70
23.80
27.80
24.00
22.50
25.90
44.70
20.90
12.10
42.60
31.80
20.40
44.80
40.00
24.30
37.00
10.00
44.20
31.70
18.30
32.90
43.70
43.80
20.60
18.90
41.50
24.40
34.10
14.80
18.70
24.60
23.80
44.70
43.30
16.80
24.10
24.10
44.50
34.10
27.30
16.40
41.40
34.10
10.80
21.60
43.30
42.00
38.50
11.70
37.90
37.20
12.20
10.00
31.00
42.30
27.30
19.90
42.90
39.40
31.00
44.90
30.50
17.80
18.30
37.30
18.40
33.60
37.40
24.90
25.80
13.50
29.40
40.90
19.30
13.50
43.70
32.10
33.70
15.00
42.30
34.20
12.90
36.50
33.10
33.40
16.90
35.10
10.20
10.80
17.00
32.80
22.40
41.30
40.00
38.20
17.30
30.60
35.80
15.00
39.00
36.20
17.70
32.10
29.80
31.70
29.80
19.60
21.80
38.80
28.30
40.10
26.50
20.40
29.40
30.20
28.90
42.90
28.20
26.60
40.60
34.80
22.10
26.50
24.90
38.50
39.10
35.40
37.20
26.80
24.80
35.00
16.80
44.00
37.30
18.20
41.20
23.70
42.90
21.50
17.00
40.10
12.50
37.10
38.50
16.50
29.50
33.40
43.00
18.60
43.10
44.40
44.20
13.90
18.60
36.70
25.50
22.50
32.70
10.30
24.50
19.10
31.30
38.40
42.50
41.90
22.10
32.10
27.70
41.20
19.90
32.80
35.20
36.90
44.30
25.60
37.20
16.20
18.40
17.60
22.10
39.20
12.80
18.60
16.50
26.80
25.60
19.70
31.90
31.10
25.40
35.10
20.40
26.40
20.00
40.60
25.90
11.20
24.30
12.60
15.10
24.10
41.70
17.10
31.40
22.30
14.00
23.80
35.10
10.40
22.70
17.50
35.40
28.70
32.90
30.90
15.40
40.80
43.80
27.60
39.10
44.10
44.60
44.20
15.00
23.50
13.30
40.90
27.50
42.90
27.90
26.00
37.50
21.60
10.00
36.90
12.50
30.80
28.60
36.60
11.80
29.60
44.20
31.70
28.90
23.70
17.10
45.00
19.60
16.40
15.10
20.80
33.60
22.70
39.90
19.60
32.50
40.10
22.30
13.10
24.00
37.90
16.60
36.40
33.60
28.50
14.90
10.70
26.90
31.90
33.30
35.90
15.40
20.10
31.20
34.40
10.90
44.10
44.90
36.10
24.40
42.90
27.30
31.20
10.80
20.40
30.40
28.50
18.20
21.30
41.30
15.30
22.30
33.70
16.60
12.60
24.40
14.50
31.80
30.40
19.60
42.40
28.90
19.30
22.70
40.00
18.90
23.90
26.90
32.30
13.20
43.90
30.10
27.80
32.70
38.50
20.70
19.50
30.40
31.50
43.50
23.00
33.10
37.00
30.50
30.40
42.30
41.90
27.50
26.80
34.10
16.80
16.60
29.60
16.60
21.50
20.20
20.30
38.80
23.00
34.20
32.80
34.10
42.20
11.50
35.70
12.30
42.30
25.10
14.40
18.60
20.00
28.40
17.30
42.00
44.80
42.60
37.70
36.60
29.40
21.30
29.10
45.00
15.70
28.30
13.70
22.50
32.40
10.40
20.40
39.00
42.80
12.60
33.70
30.30
30.40
10.80
40.50
31.20
30.30
12.40
39.90
21.10
43.60
43.80
36.80
30.70
28.90
32.60
44.80
32.50
22.20
25.70
22.60
10.80
27.30
26.50
33.00
20.60
14.30
21.10
24.80
28.90
31.80
11.60
44.40
25.60
44.30
32.80
28.10
25.70
24.90
30.20
29.10
16.30
36.70
31.30
14.60
14.00
10.60
15.60
37.80
38.10
13.10
44.10
17.60
17.10
36.40
24.00
31.60
20.60
33.30
12.30
10.50
27.10
30.60
25.60
31.30
11.10
11.90
39.90
30.60
37.00
28.60
40.40
42.80
34.70
33.20
36.90
43.30
35.50
42.40
34.10
20.00
10.60
25.20
29.60
24.80
18.50
24.70
44.30
43.10
31.90
15.70
34.80
37.10
38.70
15.30
16.10
15.50
16.00
23.10
11.60
43.80
34.10
36.50
44.50
17.40
22.30
38.40
17.90
42.20
41.30
18.70
24.00
16.30
40.30
39.80
20.20
28.10
35.70
17.70
36.80
40.50
18.00
28.70
35.00
16.00
18.10
25.10
11.70
21.70
21.70
14.90
32.00
17.70
39.80
29.70
25.10
10.10
14.70
25.90
12.70
39.40
23.10
35.20
15.10
11.90
12.10
25.70
21.50
26.50
19.60
37.70
22.70
28.50
12.00
38.40
43.20
11.00
36.20
43.60
43.10
42.10
23.70
26.80
39.00
37.70
27.30
42.90
11.30
22.20
30.30
38.80
27.70
24.60
14.70
19.30
42.00
44.20
16.70
42.40
28.70
14.80
25.70
27.20
33.40
42.00
39.50
23.70
31.40
39.40
12.50
24.20
20.90
21.20
28.70
34.80
37.60
42.40
34.70
25.10
25.00
23.20
40.90
44.80
44.70
27.20
26.10
26.50
18.70
19.90
10.50
18.60
39.60
31.60
41.60
39.60
12.90
40.10
32.00
30.50
24.70
39.20
21.70
15.60
34.90
43.90
36.80
35.50
26.40
32.40
39.10
38.30
38.10
33.00
19.80
37.40
27.50
27.30
43.90
26.70
14.20
25.70
12.80
23.60
18.40
44.80
10.90
16.50
14.90
13.40
11.60
25.40
30.70
10.80
25.50
17.30
22.40
25.30
29.30
25.60
30.50
24.70
32.00
16.90
18.60
26.50
41.00
16.70
33.30
39.00
20.00
34.70
38.30
30.70
28.40
43.70
12.50
14.70
38.20
42.50
32.60
32.50
40.10
29.40
16.60
39.60
36.00
31.50
30.40
38.90
24.90
32.10
13.80
40.30
40.90
26.30
19.60
10.40
10.60
33.80
14.60
37.10
31.30
24.00
33.60
13.10
24.30
44.70
35.90
31.10
17.30
21.20
43.80
26.40
39.80
41.60
42.70
26.00
16.60
40.70
40.10
39.30
10.50
24.70
43.90
27.60
21.40
23.10
19.20
10.30
21.60
35.00
12.30
19.40
22.20
42.10
30.40
44.50
23.70
10.50
14.30
44.90
13.60
11.90
21.00
19.80
39.30
20.90
44.30
17.10
18.10
24.00
25.00
35.60
36.80
10.00
29.70
35.30
42.60
25.30
38.00
14.20
30.40
37.30
28.10
34.70
13.20
24.00
10.10
40.70
33.10
26.90
15.70
29.80
25.40
26.40
12.90
25.90
12.70
16.30
36.90
23.70
38.50
19.40
26.10
11.50
44.90
26.60
19.20
40.80
36.80
17.40
37.10
10.70
30.60
34.90
40.80
13.30
22.40
26.60
31.50
44.10
20.10
35.90
25.90
10.20
40.80
41.20
23.70
36.20
17.60
36.70
40.60
36.50
41.20
43.30
42.00
25.50
15.80
20.10
10.70
26.60
17.20
37.40
15.40
40.00
22.10
10.00
12.40
18.20
44.00
11.40
26.00
20.50
34.10
17.40
41.70
18.30
43.20
20.40
30.90
43.60
17.30
11.90
21.40
31.90
38.70
25.90
15.50
40.30
18.20
43.80
30.50
23.30
34.00
11.30
31.60
29.90
30.30
38.80
35.60
15.50
18.30
15.10
15.90
44.00
14.60
36.60
39.70
17.50
22.40
13.30
44.60
16.90
16.80
11.40
24.80
35.20
29.40
37.20
17.20
11.80
11.30
39.90
22.20
13.70
17.80
31.00
33.20
36.50
43.40
22.40
29.60
30.80
12.70
31.20
35.30
19.80
21.80
35.20
24.50
25.30
21.30
41.50
41.30
44.80
34.30
37.20
10.60
35.30
44.60
41.40
12.30
41.50
41.80
31.50
11.60
39.90
14.50
24.30
23.70
39.40
31.40
26.00
10.40
28.60
44.20
34.00
15.60
15.30
18.60
14.00
31.40
15.30
27.60
26.50
23.90
38.10
24.30
38.10
36.20
41.40
24.60
20.80
28.50
39.20
38.80
32.70
37.60
43.20
20.70
18.10
36.70
20.80
36.80
17.90
20.10
30.10
29.30
15.00
21.60
12.90
29.90
18.70
17.30
43.40
35.50
26.60
27.30
14.00
12.80
43.50
33.70
21.40
18.60
29.10
31.90
25.60
33.90
37.40
13.70
31.00
32.90
11.30
37.30
29.10
44.50
43.20
29.80
43.00
33.20
31.90
41.00
24.00
26.00
19.80
28.30
11.40
32.50
32.10
42.60
40.80
31.20
40.10
32.90
24.20
25.90
22.50
18.90
10.30
18.10
44.50
42.50
26.10
26.30
13.60
26.40
41.20
21.40
17.00
22.10
27.90
33.70
42.30
19.10
19.60
40.70
16.10
13.80
14.70
41.70
25.50
26.30
37.40
29.30
43.90
11.50
22.10
18.30
27.10
33.00
39.50
15.90
12.80
20.00
29.10
35.90
28.80
28.60
25.50
12.40
44.80
11.20
24.70
14.50
41.90
11.00
10.30
18.50
42.00
33.50
26.20
42.30
35.90
24.20
13.50
42.10
26.90
29.70
31.20
11.70
23.20
21.40
28.40
31.90
28.80
16.50
17.20
19.30
34.70
32.80
32.90
23.60
43.60
19.50
33.40
40.70
36.50
15.40
43.00
23.10
34.60
25.80
34.50
41.80
32.90
36.80
33.60
14.60
34.20
21.40
11.00
34.80
35.10
12.60
19.10
28.80
19.20
14.40
30.30
39.90
30.00
12.00
13.30
27.50
21.10
12.40
16.90
27.50
11.90
29.90
12.20
41.50
42.70
14.90
14.90
10.50
40.30
14.20
39.70
28.10
39.90
14.80
15.00
32.60
12.40
10.80
26.90
19.00
43.20
14.70
35.20
32.00
44.00
25.10
22.60
24.20
24.30
17.00
15.70
32.90
37.20
13.10
14.80
36.60
29.00
33.90
37.40
32.90
37.40
29.80
18.10
19.20
22.60
40.60
11.80
43.40
21.40
44.80
34.70
17.40
31.40
13.00
34.90
39.30
35.30
12.00
44.40
14.60
42.80
15.30
12.80
23.10
15.30
41.70
20.70
22.30
18.20
36.00
18.60
26.00
39.70
35.30
13.40
27.70
29.50
41.70
31.50
32.50
29.30
40.50
39.00
42.90
24.90
20.70
22.90
35.50
31.60
33.10
22.20
12.70
35.90
14.70
23.00
28.60
25.80
29.30
37.30
38.00
34.10
19.10
27.60
31.10
27.00
33.10
30.50
36.30
28.70
22.50
25.70
29.20
26.80
17.20
14.20
31.70
33.00
40.70
19.90
41.60
27.00
20.20
26.80
33.60
30.20
37.40
24.80
18.70
26.00
24.20
37.90
44.20
13.80
24.50
20.70
19.80
38.50
21.80
22.00
35.80
15.40
35.10
40.70
40.70
23.90
43.80
15.90
35.00
20.70
32.80
41.70
10.80
19.00
16.90
40.80
34.50
39.00
25.80
13.30
18.90
30.20
42.90
23.10
25.60
10.90
11.30
24.20
27.80
38.40
36.30
26.30
39.60
24.90
21.40
22.00
14.60
36.30
33.40
22.20
14.60
20.60
12.80
16.20
21.90
25.30
13.60
40.50
35.80
38.30
15.70
10.70
15.10
29.40
10.00
24.60
16.30
41.10
15.40
31.00
18.10
32.90
32.10
36.70
38.00
19.20
37.00
36.30
16.90
16.80
31.20
16.10
38.50
19.00
31.90
13.30
32.90
37.80
34.80
39.50
21.70
39.10
30.40
30.70
24.30
29.10
40.00
31.90
43.50
33.80
43.30
43.50
14.10
24.20
10.90
43.70
25.50
13.70
12.20
21.70
24.30
36.30
42.40
17.30
15.10
38.20
34.90
35.50
26.90
29.10
20.50
15.70
11.30
32.20
32.10
18.60
17.20
23.50
33.40
35.10
27.10
35.70
42.60
21.00
20.60
30.90
18.10
33.70
30.90
42.30
27.70
18.40
28.40
20.60
26.70
35.40
39.80
30.90
43.70
43.80
27.30
40.20
30.40
38.70
15.50
18.30
25.10
24.90
28.10
16.10
24.60
32.80
34.50
43.50
42.20
33.50
34.40
31.10
33.00
23.40
36.70
28.40
32.20
40.80
44.70
18.10
10.30
22.60
27.70
34.00
15.20
15.70
29.80
28.20
13.80
42.00
13.40
27.50
42.20
27.20
21.80
22.40
36.70
16.30
28.60
16.00
45.00
27.40
31.10
37.80
22.10
10.20
10.70
28.90
26.70
23.00
12.10
19.10
30.80
19.60
35.30
42.60
10.10
27.60
31.10
40.10
13.10
44.20
44.60
45.00
17.30
27.00
22.60
37.50
17.00
17.40
41.60
27.20
34.80
14.90
27.70
40.50
24.40
28.50
42.60
24.10
15.30
43.90
22.00
29.30
23.30
30.60
12.80
12.10
15.10
11.80
33.60
29.60
12.20
43.00
22.40
25.90
39.80
37.30
17.30
42.30
24.10
20.90
37.00
42.30
11.20
13.60
21.20
16.10
11.90
28.30
24.70
38.10
37.00
22.10
21.70
24.50
39.80
43.10
31.30
43.40
41.20
34.70
19.30
11.10
31.70
21.90
44.40
26.00
30.30
41.70
43.90
17.30
22.10
24.50
36.00
12.50
35.60
41.50
36.40
17.70
16.10
34.30
26.10
42.60
19.90
22.80
31.60
36.80
16.20
21.50
31.40
20.60
19.60
21.90
41.70
11.40
28.40
26.60
17.30
15.80
19.00
26.50
26.60
15.00
38.80
10.60
16.20
23.80
16.90
44.50
36.30
16.70
42.40
42.20
25.20
33.80
35.90
12.20
32.30
35.60
22.00
40.10
37.20
27.10
31.80
28.30
39.00
30.80
41.60
28.20
12.90
19.80
38.80
17.00
20.00
22.80
16.00
14.90
32.40
25.00
11.90
13.30
38.10
25.60
19.30
14.30
24.70
38.90
23.30
15.60
13.60
25.40
34.30
19.50
41.70
11.20
12.40
12.30
40.70
28.50
23.30
13.20
38.70
39.40
37.90
24.50
10.80
20.00
14.90
29.50
37.60
41.10
35.60
13.70
26.30
43.30
14.00
10.80
11.00
35.80
22.80
25.10
30.80
15.30
35.30
21.30
12.50
19.40
17.20
41.40
27.10
32.70
18.60
42.00
36.30
13.20
12.70
15.40
13.20
20.80
33.40
17.30
32.80
30.10
28.20
15.50
21.40
26.40
35.00
23.10
33.60
23.90
11.60
25.50
33.00
40.00
39.90
29.60
39.10
35.20
42.80
16.60
32.30
19.80
14.50
28.70
41.30
29.40
29.20
22.20
42.50
35.10
22.50
42.20
32.30
20.10
11.70
18.80
10.80
28.70
40.30
25.10
22.40
14.70
33.30
26.80
24.00
36.90
39.60
41.20
14.30
32.10
26.80
19.80
22.10
23.40
31.30
43.70
19.10
25.90
35.60
32.80
19.80
30.60
29.70
34.90
31.40
40.20
20.40
20.30
31.40
23.60
38.60
24.70
12.40
30.60
35.80
32.90
19.70
40.30
20.00
10.80
30.50
15.60
42.40
23.50
37.30
13.00
40.20
27.10
29.40
27.90
35.80
16.70
36.70
44.30
11.90
30.60
35.60
33.20
19.50
21.00
23.50
29.40
22.60
35.30
18.50
13.90
25.50
20.70
15.60
35.10
41.00
29.80
17.10
42.10
13.60
32.80
25.30
26.50
21.30
16.30
15.40
27.50
18.90
43.10
37.60
40.20
35.80
30.60
16.40
42.30
22.50
18.00
40.60
42.50
44.70
14.80
10.90
38.60
35.40
13.00
10.50
30.70
30.70
23.40
26.70
33.00
12.60
18.00
27.70
19.80
30.20
11.80
14.30
40.10
21.90
26.20
23.50
31.70
38.50
24.60
41.50
33.20
26.90
26.10
36.70
42.10
38.10
14.70
15.50
14.90
20.30
18.80
26.80
29.80
44.70
35.80
32.50
38.50
31.90
43.00
27.90
10.70
35.10
14.50
11.90
28.30
40.60
43.40
24.50
17.10
13.50
39.20
24.30
21.00
28.30
34.30
11.40
20.70
20.30
32.90
26.30
44.10
18.60
10.30
12.20
13.70
43.70
29.10
14.20
36.50
15.70
20.20
25.40
39.30
37.70
21.10
29.30
11.30
18.00
14.00
40.60
33.20
42.90
15.40
31.60
36.20
18.50
44.40
19.60
21.00
43.10
41.80
10.90
23.50
26.20
37.00
42.00
10.40
35.40
43.70
22.70
43.70
35.70
17.90
30.90
33.30
40.80
17.70
19.60
23.80
35.50
18.50
10.40
40.40
31.60
34.10
11.30
26.60
17.00
43.10
26.60
35.20
33.60
40.30
25.00
16.20
40.10
35.60
29.90
32.80
39.90
11.90
42.10
41.10
11.00
44.00
26.70
43.80
40.80
45.00
39.70
29.90
41.50
42.20
34.10
26.20
38.90
43.60
12.60
42.70
19.20
10.10
14.70
25.40
31.60
25.40
41.20
18.10
31.10
14.20
11.40
32.90
39.10
27.50
28.20
29.90
40.20
25.30
15.20
32.50
24.60
34.90
36.50
33.50
18.10
14.50
15.40
25.70
36.90
17.90
22.40
45.00
28.10
34.30
30.70
41.20
27.30
35.80
12.90
15.20
13.20
32.40
29.40
35.70
39.70
42.30
42.50
20.60
33.60
21.80
12.70
44.90
32.90
37.70
40.60
10.10
12.20
17.70
22.40
19.60
19.30
40.70
22.50
39.20
37.40
14.40
42.00
24.30
29.20
29.60
24.80
18.00
23.70
41.80
42.30
44.60
15.00
34.40
24.70
13.70
38.80
32.90
22.70
18.50
12.00
12.60
20.90
17.10
15.40
31.90
30.40
28.10
30.70
33.00
38.70
15.90
15.50
14.10
26.50
35.10
20.00
12.60
38.90
14.70
21.80
44.70
15.40
17.00
27.30
18.60
18.70
17.90
25.40
10.40
14.40
16.40
35.00
31.70
25.40
14.50
39.20
27.50
25.40
17.50
39.60
28.30
17.00
26.70
22.10
21.40
12.10
25.60
36.00
33.70
10.70
32.20
23.40
40.10
31.40
28.00
31.90
22.40
42.10
10.80
29.40
24.00
40.60
35.50
32.70
14.40
23.20
26.30
35.00
16.00
33.10
27.50
18.20
25.50
13.90
19.40
17.90
11.00
14.70
36.30
11.50
20.20
10.70
18.40
20.40
12.30
37.60
31.10
25.70
22.00
40.10
22.50
11.30
11.40
11.70
31.40
18.00
41.60
13.60
18.90
31.90
42.00
19.30
38.90
12.80
20.80
15.80
37.30
42.70
38.00
35.40
36.80
17.30
31.40
39.20
27.50
24.20
21.60
40.00
29.60
34.00
12.90
36.40
24.90
35.20
39.10
22.60
11.70
20.70
35.40
18.20
36.00
23.60
19.80
19.30
27.80
23.90
32.80
37.70
29.30
39.30
28.60
40.80
20.10
31.10
18.10
23.90
37.90
15.40
19.50
13.30
28.00
25.70
40.70
20.80
19.40
28.00
40.00
29.70
17.60
28.70
37.50
41.00
30.40
27.10
29.80
21.20
28.60
25.00
11.70
19.70
38.60
12.60
40.10
16.10
44.00
29.20
37.10
42.40
40.00
11.20
33.80
22.00
11.40
26.80
27.80
32.00
21.00
32.90
19.60
31.40
37.30
30.30
28.90
42.10
40.30
24.40
39.80
34.50
27.30
17.10
28.50
22.60
38.60
21.70
21.10
27.80
26.50
21.70
37.60
24.60
20.60
30.30
19.40
11.90
31.30
35.90
17.90
27.50
33.50
20.50
37.00
33.60
14.00
25.00
24.80
43.00
21.50
29.90
14.60
27.60
36.70
25.00
26.80
16.70
22.70
33.20
30.20
11.40
28.50
44.20
33.20
26.40
27.00
27.20
15.90
28.70
11.50
36.00
41.60
24.50
34.60
43.90
29.40
32.60
20.70
25.60
42.10
26.60
32.00
36.50
31.00
24.90
21.10
30.20
13.50
43.30
36.60
22.10
12.70
18.70
43.10
27.70
19.90
26.60
22.70
10.40
20.00
37.70
17.30
40.20
24.80
30.30
35.40
23.20
26.00
19.00
19.30
11.00
18.10
16.90
15.20
21.60
16.90
30.30
11.50
16.90
40.40
30.00
32.20
39.40
30.80
29.20
39.60
32.60
36.50
10.40
10.90
22.50
35.20
43.00
20.30
22.10
20.60
35.40
19.70
24.60
20.00
12.90
17.70
28.30
25.80
44.50
25.60
32.10
32.20
42.70
42.80
17.10
17.20
30.30
21.20
16.30
39.90
37.20
20.50
18.00
21.10
34.90
25.70
34.10
44.30
27.00
29.30
26.10
23.70
35.40
39.30
38.70
15.70
30.60
17.80
37.00
41.40
30.90
27.30
35.60
13.30
14.50
10.70
38.30
41.90
20.20
36.50
12.40
19.40
26.20
36.00
17.30
41.50
39.30
26.60
17.50
44.50
25.50
40.90
21.20
14.90
39.30
43.50
25.80
11.70
41.40
10.30
40.30
44.40
27.90
11.00
13.60
29.00
19.60
43.40
44.30
43.50
24.70
18.60
38.00
26.50
27.50
41.90
18.20
21.20
43.50
44.00
20.90
15.90
17.90
22.60
42.20
16.50
22.10
41.80
24.30
31.50
30.40
10.00
39.30
31.00
10.20
18.50
26.80
17.00
39.90
39.00
33.40
29.10
11.80
12.00
14.00
33.50
19.70
32.50
16.30
31.40
22.50
23.10
26.20
36.80
33.20
32.00
27.50
18.50
34.90
18.80
34.10
13.10
39.70
43.30
38.40
28.00
38.10
23.50
29.40
26.00
20.70
11.60
15.10
17.20
23.40
28.50
26.90
23.80
26.40
19.50
38.30
11.30
15.50
22.70
24.90
41.30
25.30
40.80
36.00
32.10
26.40
15.10
25.90
26.40
36.90
41.50
41.20
39.80
13.10
16.10
12.90
25.40
37.70
10.00
20.00
37.70
29.20
32.20
40.80
37.70
42.30
10.20
20.10
33.60
44.10
24.20
19.50
23.10
16.70
43.70
16.40
30.80
18.50
20.20
38.30
19.60
16.90
19.10
17.70
12.30
32.60
32.00
44.80
27.00
11.20
39.30
23.30
22.40
14.00
39.20
10.80
31.20
15.40
13.30
25.40
38.70
24.90
34.90
16.30
32.50
21.30
32.70
27.60
35.10
45.00
25.30
26.60
30.00
44.20
24.20
12.00
13.70
29.20
29.70
36.40
33.70
11.90
15.30
35.60
12.20
13.90
38.90
20.10
26.90
38.30
32.60
44.00
28.50
11.20
39.20
13.00
27.70
21.20
20.20
41.50
11.00
17.30
19.00
32.70
16.60
19.00
41.80
20.50
15.90
32.50
39.70
22.80
15.10
41.00
16.10
28.60
24.10
23.20
11.50
14.40
24.90
44.90
15.60
13.50
32.70
33.20
12.80
41.60
28.20
36.00
26.20
17.80
14.20
32.20
24.00
32.10
32.20
27.50
14.50
20.80
35.70
26.90
25.00
42.90
36.10
39.40
40.90
17.00
36.80
41.00
11.20
33.90
23.20
36.40
15.90
11.80
33.70
39.30
14.20
12.40
32.70
27.80
31.80
32.40
18.10
11.60
41.40
31.60
32.80
31.20
41.70
23.40
22.50
38.60
35.60
13.10
12.90
26.60
15.20
22.90
43.60
10.30
20.20
19.90
11.60
34.90
29.10
23.70
22.80
16.30
36.20
34.70
13.90
28.50
31.90
30.50
16.30
41.30
35.90
23.10
27.60
37.60
15.60
26.60
15.20
40.60
17.20
13.40
38.30
27.20
35.90
19.00
42.20
39.90
17.30
34.20
24.80
17.30
41.50
42.50
15.50
28.90
38.80
41.00
21.90
24.20
18.20
13.50
17.20
27.70
15.80
42.50
24.70
40.30
13.10
10.10
12.50
27.00
12.50
17.00
17.20
44.70
25.90
40.50
24.10
12.20
29.90
17.10
27.90
19.60
30.70
40.90
43.70
19.20
16.10
30.90
16.90
25.60
30.60
35.70
37.60
30.50
22.70
21.30
19.50
10.00
34.20
22.40
29.40
42.90
24.70
12.60
32.40
44.50
38.50
33.40
41.10
17.90
20.30
26.20
18.50
26.90
23.00
12.30
39.60
36.80
21.10
16.70
42.70
29.90
12.30
23.00
17.40
24.30
17.80
26.90
39.80
23.30
31.90
28.10
16.70
40.40
12.30
18.20
16.00
37.80
20.30
42.10
40.30
29.40
35.80
42.30
23.90
33.00
14.00
10.20
21.70
25.30
30.90
42.70
38.90
28.20
41.00
21.60
42.30
27.80
13.60
22.60
38.20
14.00
12.00
36.00
15.10
31.10
42.20
24.80
20.20
39.90
15.10
25.60
19.70
43.90
13.10
27.20
27.00
40.00
30.40
11.10
31.70
34.90
43.60
30.20
15.20
21.70
30.00
38.70
42.10
39.00
28.90
32.30
28.20
31.80
13.10
36.80
22.70
24.90
40.40
29.30
29.80
17.30
26.20
26.40
16.20
42.20
20.00
24.10
25.80
43.10
33.60
41.10
25.40
42.80
33.80
28.00
34.60
31.20
38.80
22.60
12.20
12.90
30.20
16.60
31.00
17.80
18.50
10.50
34.00
22.80
44.90
37.70
21.50
34.70
21.90
13.00
14.20
30.50
34.80
11.90
14.20
12.20
36.10
16.20
26.80
31.70
15.40
19.70
22.10
31.50
35.20
38.00
26.30
44.60
40.30
28.90
29.50
40.80
29.80
18.90
11.70
37.80
13.90
29.90
16.80
28.50
33.80
25.30
22.80
18.30
39.50
24.20
38.60
14.10
29.50
11.00
33.60
39.30
37.30
39.70
39.30
33.80
24.00
17.60
16.50
36.00
24.90
13.00
33.80
17.50
36.90
41.30
13.20
23.00
18.70
27.00
38.40
42.70
28.30
31.20
27.70
16.10
44.40
30.90
10.00
11.70
28.90
29.70
43.40
26.00
15.40
22.20
12.10
22.10
23.50
21.40
29.30
33.60
37.20
42.60
19.50
25.10
42.80
17.50
38.70
17.20
30.60
38.00
14.30
33.50
31.70
15.50
40.40
15.50
44.60
14.40
31.40
10.80
31.60
33.70
15.50
19.70
12.90
19.20
12.80
37.50
19.00
29.50
24.20
35.30
38.10
26.30
20.60
35.90
12.90
40.70
12.20
39.60
20.60
21.10
24.40
29.00
43.10
10.80
44.10
19.10
31.30
19.50
29.50
39.30
27.90
26.70
18.70
42.10
20.80
24.20
28.00
20.30
15.80
16.70
21.60
32.20
31.00
37.20
14.30
39.30
25.00
43.40
18.90
24.60
18.40
41.30
16.00
17.10
13.70
20.70
19.20
11.40
36.30
22.70
15.70
23.50
35.40
32.40
17.40
30.60
23.00
40.80
29.60
11.30
30.50
12.90
21.20
31.80
39.50
26.60
14.40
25.20
37.40
25.90
16.80
33.10
20.70
20.00
32.10
34.70
37.60
20.90
12.60
20.90
35.20
44.50
35.00
29.80
13.60
39.20
28.10
26.30
38.50
38.30
27.00
21.40
35.00
43.30
39.30
24.60
26.70
26.40
19.50
26.10
29.30
15.30
11.10
21.40
38.20
42.20
35.10
37.80
13.30
15.10
20.40
13.80
20.00
43.60
20.10
26.10
27.90
39.40
18.50
16.40
38.50
37.70
11.90
42.90
43.10
41.10
34.70
17.30
27.70
25.60
37.00
17.80
27.20
15.60
31.80
22.40
39.60
27.10
16.00
42.30
37.10
33.10
32.00
43.50
34.20
10.50
24.50
24.50
36.00
24.10
17.80
43.80
14.20
40.10
18.40
38.10
30.80
43.80
10.60
28.90
25.20
34.20
30.50
20.50
12.00
35.80
24.00
43.60
32.90
13.70
22.80
39.10
20.80
43.10
10.60
11.10
17.70
20.00
37.20
15.50
11.40
11.20
43.10
26.20
42.00
31.50
44.50
33.00
17.60
41.20
34.70
37.00
17.80
40.70
21.00
33.40
17.70
28.60
40.10
38.90
40.50
26.00
24.90
26.00
40.50
28.70
44.20
29.70
43.50
14.80
17.60
15.40
42.70
39.40
21.10
13.90
12.00
20.30
30.40
30.40
37.70
41.20
34.10
11.30
20.40
22.10
42.20
32.30
26.30
42.00
32.80
42.40
37.60
31.40
26.50
34.80
32.20
23.30
17.40
42.30
40.50
17.00
40.90
44.20
18.60
23.00
10.10
16.90
20.10
44.20
15.70
32.70
17.40
17.60
22.80
12.50
15.50
17.10
33.70
23.70
10.00
17.80
23.00
34.80
44.10
41.90
19.10
18.10
26.80
37.30
15.30
25.30
30.70
38.70
38.50
29.30
36.40
21.90
44.10
17.60
25.70
15.80
12.20
21.90
25.80
17.10
16.10
23.20
36.20
35.60
30.30
22.10
38.50
22.60
37.90
37.70
32.50
28.00
32.50
42.80
37.10
18.30
27.00
26.30
13.10
10.00
27.80
13.20
26.00
38.20
22.50
13.70
31.20
11.90
12.40
34.30
22.30
20.80
16.50
12.90
20.70
12.20
18.80
13.80
31.10
19.80
17.70
27.50
20.80
44.50
16.50
30.90
17.30
25.50
19.80
10.20
20.60
22.70
35.80
12.00
12.90
23.10
11.00
37.40
35.60
40.10
22.80
31.20
37.30
14.50
25.50
40.70
39.50
43.70
14.40
27.70
20.90
34.00
43.80
18.70
25.00
25.00
28.90
20.50
23.00
10.10
24.20
29.00
15.90
37.60
31.10
44.40
17.40
33.50
26.50
37.20
34.70
12.60
20.00
15.60
13.20
17.20
32.40
34.10
14.70
11.60
23.80
12.90
10.00
16.10
15.60
12.20
28.10
35.20
33.30
42.00
30.90
35.10
31.00
13.60
24.70
30.40
42.80
18.80
23.00
39.50
36.60
31.60
32.70
17.40
27.30
41.20
20.70
33.40
23.00
33.20
26.00
44.80
38.70
10.90
34.70
21.80
22.70
27.10
20.70
39.70
40.10
35.40
31.00
29.90
38.00
38.00
25.70
20.70
12.90
25.20
37.20
40.00
38.50
38.70
20.10
44.90
31.00
11.80
21.80
34.20
25.70
22.20
42.60
29.30
31.30
26.80
19.20
34.40
10.70
29.80
35.50
32.80
23.00
33.70
15.70
26.10
38.80
39.00
39.10
25.00
18.70
38.50
43.50
11.50
31.20
12.80
22.00
20.40
29.40
22.40
42.80
17.20
17.00
35.20
27.30
34.90
13.80
12.20
40.40
29.90
11.70
11.00
25.30
35.90
34.50
23.20
21.20
18.00
22.40
34.00
30.20
21.60
10.40
30.10
35.40
11.10
38.60
23.30
40.00
32.00
22.90
18.70
11.30
38.80
24.40
12.20
17.80
27.20
18.40
34.90
19.90
10.90
35.30
40.60
42.70
35.50
24.90
28.70
42.40
27.90
24.50
27.50
31.80
19.80
34.90
33.50
30.80
27.60
34.90
20.80
41.10
43.70
42.20
29.30
10.70
20.00
31.70
13.40
35.90
15.50
15.70
37.00
32.30
26.50
26.50
35.20
44.70
41.60
30.10
13.80
30.40
33.90
21.80
26.70
18.00
41.40
41.80
20.90
15.60
28.90
40.20
23.90
21.80
29.70
44.00
19.30
15.90
10.70
33.90
26.70
22.60
21.30
12.00
33.30
27.30
34.20
32.70
38.60
12.80
23.30
22.20
35.80
20.60
27.10
26.50
19.40
12.80
31.00
16.80
14.40
38.20
38.20
37.20
27.40
38.90
16.90
33.60
25.80
44.30
16.10
37.40
18.10
39.60
37.40
44.30
30.60
23.50
36.60
41.70
13.10
21.90
27.60
40.50
29.20
15.50
21.30
19.40
42.80
30.20
14.30
44.30
36.40
26.50
19.20
40.50
31.50
22.60
41.40
13.10
33.00
11.30
44.90
22.80
35.50
29.70
41.10
28.10
17.40
18.90
15.70
26.90
20.80
28.10
28.60
30.80
43.80
39.80
26.50
18.50
44.90
31.30
20.40
24.40
23.50
28.10
38.50
16.00
44.20
39.50
43.50
25.60
25.40
34.60
40.80
12.00
44.90
25.70
14.20
23.50
43.80
17.50
14.20
32.40
40.20
44.40
24.10
12.70
12.00
35.10
37.20
40.80
19.70
17.50
22.00
33.30
30.10
38.00
17.80
26.60
12.20
10.60
12.80
44.60
23.30
15.70
17.50
43.00
17.10
37.10
34.20
17.70
26.90
43.10
28.50
20.50
16.00
43.40
36.40
33.50
15.50
42.50
24.80
23.00
28.70
31.90
41.50
35.60
30.10
42.60
24.90
22.10
29.70
39.40
38.50
12.80
37.60
31.00
10.30
43.00
39.70
31.10
39.60
33.90
18.00
30.10
25.10
20.30
45.00
27.90
18.00
22.90
33.50
21.80
26.30
30.80
30.40
21.00
31.40
10.60
37.40
19.40
37.20
43.40
40.70
43.50
10.50
22.10
10.80
33.70
43.00
35.90
26.70
37.70
33.70
16.60
33.70
10.10
27.90
20.00
23.60
37.70
20.50
29.50
25.90
23.00
34.00
31.50
40.70
27.00
41.20
44.60
10.00
38.60
21.00
38.80
11.60
11.30
20.60
32.70
11.50
33.20
15.10
12.00
44.50
32.70
32.60
28.30
29.40
14.70
10.80
34.90
23.40
34.20
10.50
20.00
26.20
31.40
31.70
25.90
28.80
41.70
15.90
11.30
15.20
31.20
18.00
44.30
22.70
43.10
17.70
28.10
19.60
25.20
37.00
20.10
43.30
34.80
17.50
20.20
33.40
39.80
28.10
45.00
13.90
15.70
32.20
42.60
11.80
23.80
38.70
26.30
26.60
24.20
22.90
22.00
20.80
38.30
24.30
30.40
34.60
25.00
10.90
35.60
33.80
29.20
23.40
38.50
41.90
33.60
24.70
24.00
28.60
37.90
30.20
29.50
20.00
22.30
26.60
20.90
25.20
36.70
36.40
13.20
44.70
22.00
21.00
13.30
13.30
12.50
41.40
40.00
40.00
20.90
36.60
15.30
13.20
23.40
44.80
44.10
34.10
15.00
28.20
24.30
44.10
13.00
19.00
40.40
22.30
31.70
34.60
29.90
38.00
44.60
11.70
17.30
31.60
13.20
24.60
37.50
17.30
27.30
25.60
15.10
12.10
30.30
30.70
33.30
10.90
38.40
12.90
24.00
32.20
28.20
26.60
26.30
23.40
33.50
39.70
34.60
16.40
28.80
19.80
29.10
20.80
16.80
24.40
11.10
37.90
16.60
16.70
37.30
35.30
11.00
33.00
27.00
44.80
14.00
22.00
10.70
30.70
21.30
35.50
42.10
33.70
43.70
16.30
37.00
20.80
25.30
12.30
17.20
39.30
37.30
30.80
27.30
23.70
23.10
33.80
26.20
13.50
26.90
26.50
15.60
34.50
30.70
33.30
30.20
27.80
29.70
36.90
22.70
26.30
44.30
14.90
41.30
40.60
31.00
36.60
37.60
21.90
16.00
43.90
19.70
22.80
11.90
27.60
39.20
24.50
15.70
11.80
22.90
38.50
13.50
18.80
13.70
19.50
16.80
27.30
32.70
39.00
15.90
30.20
21.90
18.50
21.50
32.50
41.30
34.20
15.60
23.10
24.40
10.20
19.40
12.40
15.70
24.30
14.20
21.20
45.00
35.60
42.80
24.00
41.60
22.30
39.10
24.20
42.50
31.00
13.70
30.40
18.70
32.00
24.70
39.10
11.70
40.20
31.20
28.40
33.90
34.50
37.80
10.50
37.10
42.50
10.80
41.10
39.30
36.50
27.90
18.50
38.10
18.70
18.10
18.20
32.10
18.60
33.00
42.50
24.30
18.10
14.90
31.50
23.40
41.70
38.10
20.70
16.40
14.30
29.60
31.40
35.90
25.60
44.20
25.10
11.40
14.80
24.40
35.30
38.30
37.90
32.80
30.50
32.90
19.40
10.50
19.20
31.10
15.10
17.50
39.90
31.00
31.80
11.90
16.10
25.60
22.30
38.40
16.50
44.70
10.40
22.10
44.30
21.90
42.20
42.00
11.20
39.70
23.70
43.10
23.10
11.80
11.50
17.50
17.60
18.90
12.20
31.30
22.60
33.80
32.90
37.20
43.50
23.30
25.80
17.20
30.70
23.60
16.80
44.90
32.90
42.40
33.10
14.40
12.20
34.00
17.50
27.00
28.00
39.90
19.80
34.80
18.60
35.00
19.20
20.90
19.30
22.50
29.70
36.80
23.80
10.10
31.90
28.30
34.30
33.70
38.30
33.90
26.90
39.20
34.80
34.80
16.60
14.30
35.20
10.20
38.20
32.40
25.90
27.10
39.40
41.90
24.10
39.50
10.20
42.30
38.00
32.50
20.60
11.50
10.30
21.40
19.80
13.40
33.60
19.30
12.00
11.70
32.60
21.70
28.60
19.80
30.50
35.90
11.80
39.10
26.40
24.40
22.90
30.80
10.10
22.00
22.00
23.50
31.00
12.20
22.80
43.60
35.50
32.20
20.20
15.50
16.90
22.60
19.50
38.70
12.20
14.20
10.60
16.00
34.80
19.80
14.10
29.10
21.70
23.50
26.00
36.90
17.70
36.20
24.40
29.60
13.10
17.50
31.40
37.40
12.10
15.60
37.50
12.70
29.20
21.80
14.30
11.40
25.80
11.70
29.00
42.30
28.60
24.70
32.10
27.80
11.20
41.00
33.90
37.70
25.60
39.60
28.60
35.20
17.00
43.60
34.00
31.20
34.90
10.30
38.50
29.40
32.10
29.50
15.40
38.90
15.40
38.10
23.60
41.30
13.40
26.70
18.00
33.90
32.10
31.40
33.10
30.90
43.20
30.10
13.40
32.30
32.40
15.80
42.90
24.60
33.20
39.10
43.70
23.70
19.60
40.00
14.90
24.40
20.40
19.70
41.50
13.60
11.00
36.60
19.30
45.00
40.70
10.40
16.50
30.10
26.00
20.60
41.40
36.70
26.30
29.30
42.20
26.80
26.80
16.30
37.40
38.70
12.10
42.50
36.80
41.20
39.00
42.10
40.00
33.80
38.90
15.60
37.30
34.90
42.40
32.90
25.90
33.20
26.60
33.50
24.60
23.30
32.70
36.00
40.60
42.20
39.00
18.40
41.50
38.20
39.60
41.00
32.20
16.60
25.70
41.20
41.90
41.80
30.50
38.60
25.30
12.70
26.50
19.80
38.40
35.00
23.20
25.30
39.50
30.50
20.80
42.10
38.70
41.60
31.20
35.10
31.20
19.00
12.10
25.50
30.20
11.40
15.70
30.50
15.00
44.50
43.70
10.90
39.80
27.00
13.50
42.30
32.40
38.70
44.70
35.70
18.10
20.10
43.80
29.50
34.70
24.50
29.40
20.10
20.50
16.90
35.40
15.40
24.70
36.40
43.20
34.50
23.30
14.70
42.40
43.30
17.10
14.40
19.80
29.80
27.50
13.50
30.00
15.70
11.50
18.30
38.60
35.80
15.60
22.80
41.80
40.70
38.90
42.20
25.90
22.70
22.80
32.30
33.30
11.00
17.80
38.10
37.00
40.10
42.30
24.90
32.10
23.20
16.40
37.90
40.90
36.60
31.80
30.90
15.60
41.70
35.30
13.10
18.90
26.70
42.00
23.70
26.80
36.10
35.30
21.40
42.40
42.10
17.60
20.70
21.60
39.20
20.10
36.30
16.00
13.00
21.60
11.00
26.20
33.60
36.90
30.70
10.20
19.50
21.50
26.00
32.90
12.90
14.60
34.40
18.60
22.90
15.10
42.60
25.70
10.60
17.00
11.80
33.30
17.60
19.50
21.50
30.10
25.10
29.30
35.10
27.10
40.00
36.70
39.10
15.10
30.10
35.50
19.10
41.30
43.80
14.90
19.20
33.00
35.60
34.40
27.50
30.80
43.20
40.70
36.80
30.80
28.80
21.50
26.80
21.70
38.90
20.80
20.10
26.10
28.30
29.40
24.70
19.20
18.30
26.10
26.80
25.40
41.40
36.30
36.70
23.90
41.90
41.80
29.00
10.90
39.90
32.60
21.60
27.30
18.20
14.80
29.50
15.70
39.30
26.10
25.00
39.40
24.50
37.60
39.40
12.50
39.30
12.80
12.30
25.70
24.90
30.40
17.00
37.40
27.90
28.00
43.30
12.10
43.70
42.60
39.40
15.00
24.10
38.80
20.20
15.30
22.60
16.50
17.20
11.80
20.20
24.10
17.60
11.40
19.80
19.50
38.70
17.30
25.50
26.30
32.80
30.00
27.30
10.50
30.10
16.20
31.00
35.70
19.20
12.10
11.90
34.00
15.80
21.60
11.90
42.90
42.40
24.90
31.90
16.10
39.80
24.10
44.10
23.90
38.70
29.90
44.10
30.70
42.50
11.90
42.80
17.50
18.90
19.90
27.70
30.40
34.00
42.60
20.10
15.30
32.40
41.60
10.90
19.50
39.50
12.70
36.00
41.60
16.80
20.40
21.00
23.20
42.40
24.20
20.40
44.90
40.20
13.90
11.90
38.50
20.80
14.50
24.70
23.40
33.30
42.80
39.40
35.90
37.50
24.60
30.50
13.00
32.50
38.50
39.20
39.30
22.60
25.40
22.60
25.30
27.00
37.40
43.80
11.30
16.20
40.40
32.70
17.20
26.20
17.00
15.30
43.30
24.60
44.10
35.20
11.50
23.90
28.90
17.20
18.60
14.70
26.60
40.30
44.40
24.00
15.80
24.00
30.00
35.30
27.10
14.40
28.60
18.70
14.80
42.20
32.90
19.50
43.70
13.20
33.80
40.40
11.00
41.70
21.90
24.10
28.90
28.70
20.10
14.50
10.30
21.50
33.30
26.00
34.60
10.10
16.80
34.50
34.10
40.50
32.10
28.80
17.00
13.50
31.90
14.70
21.50
18.90
16.40
12.20
25.70
27.30
13.60
31.90
12.30
10.30
42.40
20.30
37.50
42.30
32.60
20.00
19.90
14.80
42.80
17.40
24.20
22.70
14.30
10.00
11.20
31.60
43.90
23.60
30.30
39.80
28.50
11.50
20.50
30.40
17.00
27.40
29.30
36.50
44.30
40.00
16.20
33.10
18.20
44.30
37.60
38.50
14.70
30.70
11.80
28.50
30.10
21.20
39.10
19.00
10.60
16.70
21.80
20.10
30.20
29.60
37.20
32.60
13.10
29.70
44.50
40.30
26.60
37.00
12.20
19.20
24.60
35.80
10.80
19.70
25.30
30.60
15.30
12.00
34.70
31.50
28.80
20.00
21.10
13.30
32.70
44.60
39.80
28.50
19.30
38.90
43.00
39.70
22.00
28.20
36.60
23.30
23.60
27.40
38.00
22.50
36.30
15.60
14.20
33.40
28.90
10.80
20.80
32.30
11.00
21.70
16.60
42.10
33.00
25.80
20.30
15.90
38.30
17.50
44.10
30.60
36.10
24.70
28.40
44.60
34.80
20.10
26.30
32.20
38.90
11.60
18.20
11.30
35.60
24.70
24.30
19.00
33.80
32.70
33.60
21.80
19.90
20.60
12.40
11.60
19.70
22.50
38.70
19.70
38.60
24.50
17.80
30.80
20.90
39.30
11.00
39.90
40.70
18.50
22.70
44.40
39.40
31.20
35.30
21.50
28.10
32.20
13.60
12.10
38.80
19.10
26.10
41.50
42.60
21.10
17.70
15.80
44.60
14.40
22.60
41.80
41.00
42.30
33.30
14.90
18.90
40.40
22.60
27.50
38.60
41.00
43.40
43.20
11.40
28.30
26.70
22.00
28.90
22.70
11.30
18.20
18.20
15.20
11.20
42.10
33.20
26.50
11.70
20.60
17.60
10.40
16.10
39.80
14.60
44.10
17.80
31.40
36.00
12.00
22.60
13.20
40.40
33.20
28.70
39.30
35.80
35.30
44.20
24.30
29.30
43.60
22.40
25.50
28.60
12.90
33.90
28.80
25.20
30.40
29.00
39.60
42.70
28.80
12.30
11.80
43.60
11.00
13.20
31.00
30.50
26.90
28.90
30.80
21.70
40.40
17.40
16.50
34.40
28.50
38.70
33.80
32.30
31.00
36.30
19.50
34.20
39.30
16.20
11.50
27.40
17.60
43.60
23.00
12.90
42.80
41.30
42.90
13.20
19.60
43.70
19.30
30.10
26.00
21.80
13.80
42.60
30.70
38.40
36.00
29.30
30.40
35.00
36.40
35.50
27.00
26.40
10.70
40.30
39.00
40.10
13.60
24.20
41.20
22.40
10.30
28.00
11.10
17.50
25.60
41.20
14.90
14.80
22.00
22.10
32.60
28.70
16.50
17.10
24.90
35.00
34.30
37.50
19.90
18.90
34.20
14.10
24.50
20.30
12.40
19.20
22.50
24.00
37.40
19.20
39.00
24.60
29.90
15.00
31.70
44.80
34.80
13.70
30.60
39.30
33.00
40.40
23.70
38.40
23.40
12.20
32.10
41.80
21.70
37.90
40.60
15.30
33.70
28.80
11.30
17.10
37.10
38.80
26.50
27.90
38.60
39.00
16.60
23.50
29.70
29.10
39.30
40.80
42.90
24.10
18.20
20.50
34.50
31.90
30.80
41.50
18.80
34.50
43.90
44.20
11.70
44.30
12.30
22.90
11.10
12.10
39.20
27.30
21.40
41.20
36.20
43.50
26.60
14.90
13.60
10.70
24.50
12.00
32.70
17.60
35.60
26.40
45.00
31.70
13.20
42.30
25.90
39.30
10.90
41.10
14.90
23.70
23.60
28.50
32.80
12.30
26.40
23.00
35.30
36.40
45.00
33.20
42.90
28.10
32.80
13.40
37.80
27.40
35.20
11.20
43.90
37.80
41.90
39.00
42.10
17.80
12.70
39.70
44.10
41.20
41.80
10.40
15.40
20.30
39.70
42.10
18.80
20.10
14.40
28.70
13.10
29.90
34.20
23.00
16.10
28.10
36.20
12.70
16.00
21.20
22.00
31.20
20.20
27.70
34.90
30.00
33.50
25.30
42.90
41.50
32.60
23.70
33.60
16.60
15.80
24.50
35.90
43.60
21.50
25.10
28.50
25.10
28.80
26.00
10.30
36.40
27.60
17.50
19.90
41.60
35.00
23.60
35.40
27.00
42.80
36.80
13.30
36.20
29.00
31.70
20.10
26.60
39.90
13.70
43.30
20.60
39.40
24.20
10.70
17.90
29.20
43.40
33.80
16.70
30.40
13.80
28.90
26.80
17.80
37.40
41.90
11.50
42.40
27.50
11.40
20.00
34.10
34.20
14.30
20.50
42.90
20.60
19.60
33.70
44.40
22.10
15.20
31.20
15.10
21.50
20.50
16.10
11.70
34.30
37.80
16.60
41.40
27.60
32.40
26.30
24.30
11.60
12.10
31.70
28.50
38.30
25.10
40.30
10.90
25.10
21.00
43.40
34.70
35.50
20.80
40.90
18.10
15.30
36.10
44.90
12.20
13.30
40.40
13.30
20.10
34.90
38.50
27.00
36.80
21.30
10.20
20.90
43.30
19.80
22.30
14.50
36.90
14.00
11.30
32.10
14.30
22.00
32.30
13.70
36.40
27.40
35.70
41.10
45.00
31.90
34.50
31.20
30.30
25.50
24.10
17.70
37.70
35.80
13.70
24.50
25.30
13.50
41.80
37.80
10.00
39.90
36.30
25.30
13.40
28.10
29.00
27.40
43.20
31.20
16.90
18.70
42.00
24.30
11.60
15.40
17.90
28.40
13.60
31.90
39.40
39.70
38.90
30.30
24.90
24.50
38.10
36.30
10.80
43.70
13.70
31.40
40.60
28.80
11.20
12.00
25.50
29.20
11.00
10.60
22.80
36.70
39.30
10.50
13.60
10.70
42.80
21.10
44.10
17.70
38.80
31.20
28.90
25.90
13.60
11.50
40.00
36.70
32.10
40.50
21.30
26.90
15.90
12.40
17.70
19.10
16.60
25.70
14.00
30.20
14.40
12.20
29.90
19.80
17.60
21.70
33.90
38.00
21.50
40.30
25.90
21.00
29.00
23.10
43.00
24.20
22.90
42.90
33.20
28.10
13.30
19.00
14.80
35.60
36.70
40.30
20.50
11.50
20.80
27.70
43.00
35.80
14.00
20.70
14.10
41.60
23.30
38.20
11.10
39.80
22.80
28.10
40.10
30.20
41.60
36.80
13.10
26.60
29.90
25.90
29.20
29.50
19.90
15.50
30.60
27.70
42.70
38.10
22.90
42.60
40.10
14.20
38.80
22.90
23.90
20.40
29.00
28.90
13.30
12.90
31.90
17.00
18.10
39.10
40.50
22.70
22.30
12.10
30.50
37.40
15.00
15.10
33.60
26.40
34.80
22.30
33.20
20.20
15.40
10.80
15.80
11.70
12.40
23.80
22.40
15.50
29.40
16.70
36.10
11.00
18.20
33.60
25.20
39.10
28.10
35.20
26.80
42.30
24.70
42.10
11.50
38.00
21.20
31.10
35.10
15.70
11.00
11.80
40.40
35.70
43.90
17.00
43.60
23.90
15.00
23.70
33.80
14.90
11.00
30.70
19.40
21.10
37.30
36.00
29.50
13.20
30.40
24.70
42.80
27.40
17.20
19.00
21.90
23.70
31.50
16.60
24.80
38.70
35.60
18.50
43.50
38.80
11.10
40.30
42.80
25.10
15.80
14.90
37.90
37.30
15.70
35.60
22.20
29.00
44.30
42.50
20.90
34.00
36.70
36.60
27.00
18.80
13.60
29.40
28.40
26.00
22.90
37.90
42.80
28.80
45.00
11.30
35.70
32.00
34.50
21.90
39.60
16.40
15.40
10.40
38.50
11.80
42.30
33.80
32.30
18.00
24.90
25.50
38.80
29.10
29.70
26.50
34.00
19.80
19.60
20.50
39.80
39.60
32.40
20.90
16.60
16.70
25.70
27.80
22.60
23.00
22.90
32.20
14.80
16.90
33.30
24.80
14.20
38.70
34.50
13.60
41.60
24.80
13.70
34.30
20.00
19.40
25.60
11.40
33.70
43.30
12.40
32.50
29.80
12.80
18.20
39.60
12.90
35.50
11.40
17.60
43.30
12.60
12.70
42.30
39.70
27.00
28.00
10.30
11.80
30.20
44.10
17.50
17.10
14.50
40.10
30.00
40.60
39.40
21.00
31.10
11.60
36.60
37.70
36.30
43.20
29.20
33.20
19.80
37.90
15.90
18.00
15.70
28.50
43.50
20.80
27.90
39.20
19.20
27.50
39.10
30.80
14.50
26.80
27.20
43.50
22.10
22.50
31.90
26.80
13.40
25.50
27.80
39.60
34.10
15.40
27.00
27.70
36.80
32.10
37.70
14.60
29.10
14.90
10.40
35.80
43.50
14.70
10.60
37.20
10.60
15.70
36.50
35.40
44.00
30.20
27.80
17.70
10.40
35.40
19.50
26.80
11.10
42.40
25.60
41.50
38.00
27.40
20.30
19.20
14.60
43.50
23.70
40.90
29.50
40.50
17.10
43.20
21.20
16.20
38.20
44.80
30.60
10.80
36.30
31.60
26.10
10.20
22.60
13.60
30.40
16.10
33.60
40.90
34.00
19.60
33.80
39.30
28.50
37.10
28.50
44.00
30.10
44.80
25.80
14.00
38.70
38.60
37.70
28.40
26.10
26.70
36.50
39.10
29.90
20.20
23.40
20.20
42.50
18.10
18.70
34.00
12.80
13.80
43.00
10.40
30.20
14.90
33.20
35.70
40.00
24.80
13.20
29.40
43.50
27.20
42.50
41.70
21.80
27.30
29.10
38.20
15.30
17.20
44.40
33.80
21.10
39.00
23.60
37.20
37.00
13.80
23.30
26.70
30.80
18.80
18.90
13.40
26.30
41.40
20.70
15.80
22.40
35.30
14.30
30.30
36.00
13.70
35.00
45.00
13.70
31.10
39.90
35.30
25.10
43.30
21.00
37.20
27.10
21.00
14.40
25.20
28.50
10.70
44.80
37.10
20.40
43.50
12.50
20.40
15.40
29.10
12.30
33.10
29.30
12.60
33.10
31.90
38.70
43.60
24.10
36.90
41.90
13.50
32.50
30.10
40.90
30.70
39.70
40.00
32.70
36.70
15.60
35.80
27.30
14.20
16.50
26.80
26.80
41.10
29.50
32.20
31.40
10.10
19.90
33.30
27.10
22.00
10.70
14.40
19.90
14.30
27.30
13.80
11.50
11.90
22.00
37.90
11.60
43.80
29.20
15.10
28.50
25.30
14.30
42.20
23.00
29.60
10.30
10.30
34.20
14.40
42.60
22.80
35.90
32.30
43.90
15.50
36.90
24.20
27.70
41.40
26.80
14.00
10.00
19.90
30.00
36.90
31.80
32.90
11.50
27.60
23.90
26.20
33.30
19.10
28.90
12.00
14.40
16.50
22.20
34.10
38.70
19.20
15.40
39.00
18.20
24.00
35.70
17.90
15.30
30.90
23.70
23.20
31.80
33.30
20.80
26.10
35.50
43.90
23.40
27.20
15.20
43.60
32.10
34.20
44.90
26.00
13.50
35.40
11.00
10.20
29.90
27.50
14.70
13.00
31.50
15.20
44.20
22.40
43.00
22.40
13.50
28.70
24.70
17.10
39.30
22.90
26.70
29.10
20.70
20.70
43.20
22.70
17.10
24.70
13.80
41.90
18.30
31.80
22.60
12.60
17.60
42.10
43.30
35.80
10.90
29.40
16.60
24.90
35.20
43.80
42.10
20.50
15.90
26.30
20.00
12.00
30.10
43.50
22.00
39.50
23.50
19.00
18.90
21.80
21.40
44.30
11.40
31.00
17.70
26.70
41.90
15.80
10.20
14.60
43.40
10.80
35.60
23.40
20.80
30.30
41.20
18.90
30.70
41.70
44.10
12.60
20.80
25.20
22.70
29.90
28.70
14.20
24.20
29.20
44.00
39.90
40.00
20.50
20.50
14.30
18.00
14.90
28.10
12.00
23.00
11.00
14.60
29.40
39.30
13.50
41.10
32.10
26.50
25.90
18.00
42.00
11.80
45.00
13.20
32.00
18.50
22.70
12.70
33.20
19.30
12.70
20.90
24.30
43.90
42.20
16.60
36.30
37.00
41.90
22.30
34.00
12.20
34.50
33.10
39.40
38.20
33.60
26.30
17.50
35.60
41.80
24.50
27.90
11.60
26.30
18.50
20.40
21.90
22.60
20.10
14.10
39.10
27.60
13.40
18.90
44.40
45.00
33.60
39.20
21.70
30.60
19.80
13.80
31.50
40.10
11.80
35.40
44.60
14.30
18.50
25.10
23.60
26.20
39.30
19.50
20.40
14.90
23.10
16.80
21.90
26.10
26.70
21.40
19.80
35.00
23.70
27.10
32.10
16.00
34.90
10.40
27.30
31.70
17.90
33.50
10.90
34.90
18.30
19.60
29.90
27.80
37.10
11.80
12.70
31.90
41.60
39.10
31.10
34.00
24.50
22.10
14.80
43.30
28.90
23.40
23.30
44.80
15.40
15.10
38.10
15.40
10.60
14.50
10.80
37.30
32.60
35.40
42.40
17.10
14.30
38.30
18.90
37.40
17.20
12.50
31.00
18.80
27.80
43.70
43.80
19.70
27.60
16.00
23.80
24.00
22.20
42.90
19.50
21.80
17.20
28.20
41.80
40.10
18.30
10.90
34.30
20.00
16.40
32.40
38.30
37.90
41.20
22.70
33.80
41.40
41.00
19.30
29.80
43.40
21.20
28.80
28.00
30.50
44.30
30.40
19.10
21.30
10.70
14.50
28.00
17.30
26.00
19.50
37.60
25.00
22.60
40.40
28.50
40.90
42.50
18.00
18.60
36.60
39.70
38.90
30.70
23.40
13.70
13.30
10.00
44.30
20.70
31.20
19.10
42.80
29.80
10.10
21.90
19.10
37.00
16.80
41.60
11.90
25.80
28.60
43.30
36.40
36.20
36.90
17.30
38.50
14.50
14.70
21.00
41.40
22.50
37.60
24.40
24.00
42.00
41.10
23.50
31.10
23.20
38.30
31.50
27.50
37.60
17.40
24.00
42.80
33.20
22.30
17.60
19.60
41.60
43.40
26.00
33.10
35.20
15.90
44.40
27.80
24.10
10.00
35.00
41.20
27.30
39.40
33.10
12.50
18.20
17.50
20.10
22.60
12.80
32.10
19.70
38.10
33.40
10.60
38.90
24.10
22.90
42.70
21.30
30.00
17.60
19.20
37.60
18.10
15.30
27.80
19.10
32.30
25.70
16.90
16.70
12.10
36.60
10.60
29.90
16.30
15.00
27.70
43.40
29.20
18.50
31.10
28.80
36.70
10.50
15.90
29.90
26.80
15.70
38.60
13.00
29.90
24.60
16.30
30.30
29.50
15.00
32.50
36.70
23.00
44.60
40.80
39.00
25.40
35.70
43.60
20.20
45.00
35.00
11.00
32.50
40.50
26.50
28.60
21.10
14.50
43.30
15.40
12.10
33.80
31.90
33.30
32.30
14.90
33.50
14.10
41.20
39.80
18.80
14.20
18.00
18.60
16.70
30.50
43.50
14.70
11.70
34.90
28.20
40.20
15.30
34.70
38.90
34.20
29.20
11.40
38.30
26.30
13.50
16.60
20.30
43.90
44.60
23.00
19.80
22.80
15.60
17.60
40.40
30.50
44.50
19.00
31.20
36.40
13.80
18.80
22.70
15.40
39.70
43.50
43.50
18.90
33.10
38.70
16.80
24.00
24.40
24.80
31.80
38.30
13.40
31.90
20.20
20.40
31.30
10.70
37.90
39.30
26.70
36.30
22.70
37.00
28.40
32.70
26.60
30.20
40.00
17.20
39.30
26.30
37.10
15.60
12.80
32.20
12.70
34.10
29.70
24.90
15.10
41.30
44.40
38.20
35.80
24.00
40.30
10.70
42.50
34.30
10.60
36.40
26.00
39.00
13.70
28.60
43.40
35.50
10.40
27.70
43.20
14.70
11.60
21.60
32.10
40.30
10.40
44.70
29.00
13.60
36.60
23.20
23.20
36.70
17.60
37.40
40.30
27.40
21.90
34.30
14.20
10.70
17.40
30.70
28.90
34.60
32.70
21.70
14.00
34.00
37.80
11.50
22.30
24.00
37.40
24.10
22.50
22.20
35.10
28.90
19.40
36.70
35.70
36.40
19.10
18.90
41.20
27.80
27.30
32.10
17.50
42.40
35.90
16.10
26.40
15.00
20.40
23.00
23.80
26.20
16.50
14.20
14.60
23.50
40.20
24.50
35.40
18.10
40.30
25.90
43.10
18.70
44.20
13.50
41.80
42.80
23.40
30.60
22.90
27.00
21.40
38.30
37.70
29.80
17.90
42.00
18.90
31.50
35.00
19.60
20.00
30.30
30.60
11.10
26.90
38.30
22.80
28.20
12.30
39.20
12.00
17.10
30.10
37.20
17.40
44.20
31.20
32.20
17.70
37.00
19.10
32.30
43.70
11.50
28.20
24.90
17.30
28.30
20.00
41.60
16.90
15.40
18.20
34.70
39.80
29.40
41.40
33.20
33.50
28.30
42.40
40.10
18.30
42.80
15.90
31.00
39.10
24.40
24.20
22.70
40.80
41.60
26.90
27.70
27.10
30.00
21.50
19.50
19.70
33.20
43.00
25.70
31.20
38.20
38.60
38.60
11.70
41.60
23.30
19.10
13.90
26.20
17.10
44.60
20.60
11.80
11.00
32.80
27.30
17.30
30.60
16.20
44.50
38.00
19.70
21.60
24.80
38.20
16.80
36.20
34.10
11.70
28.20
38.90
35.30
27.50
35.00
30.20
35.10
20.50
37.80
29.10
20.80
32.90
25.50
23.10
45.00
40.80
26.80
23.60
14.50
20.60
35.50
23.60
31.60
30.30
29.00
11.00
28.10
33.30
28.50
33.40
41.20
44.90
25.70
23.00
20.00
18.80
23.50
22.20
44.90
17.10
26.40
42.20
26.70
35.50
31.00
